0 100
1 100
2 101
3 101
4 100
5 100
6 101
7 102
8 103
9 103
10 104
11 103
12 102
13 103
14 104
15 103
16 104
17 105
18 105
19 106
20 106
21 107
22 107
23 107
24 108
25 109
26 109
27 110
28 111
29 110
30 109
31 109
32 110
33 111
34 112
35 113
36 113
37 114
38 115
39 115
40 114
41 113
42 113
43 113
44 112
45 111
46 112
47 113
48 112
49 112
50 113
51 113
52 112
53 113
54 114
55 113
56 113
57 112
58 111
59 110
60 110
61 109
62 109
63 108
64 107
65 108
66 107
67 108
68 108
69 109
70 108
71 109
72 110
73 110
74 110
75 110
76 111
77 110
78 109
79 110
80 111
81 111
82 111
83 112
84 111
85 110
86 109
87 110
88 110
89 110
90 109
91 110
92 111
93 111
94 110
95 111
96 111
97 111
98 111
99 112
100 113
101 114
102 115
103 116
104 115
105 114
106 113
107 112
108 112
109 113
110 112
111 111
112 110
113 110
114 109
115 109
116 109
117 108
118 107
119 107
120 108
121 107
122 107
123 108
124 109
125 110
126 111
127 111
128 111
129 111
130 110
131 109
132 108
133 107
134 106
135 107
136 107
137 106
138 105
139 106
140 107
141 107
142 108
143 107
144 106
145 105
146 105
147 104
148 104
149 104
150 104
151 104
152 104
153 105
154 105
155 106
156 107
157 107
158 106
159 106
160 105
161 105
162 105
163 105
164 106
165 107
166 107
167 107
168 107
169 108
170 108
171 108
172 108
173 108
174 109
175 109
176 110
177 109
178 110
179 111
180 110
181 109
182 109
183 110
184 110
185 109
186 109
187 108
188 108
189 108
190 109
191 109
192 109
193 109
194 110
195 110
196 110
197 110
198 111
199 112
200 112
201 112
202 112
203 113
204 112
205 111
206 111
207 110
208 110
209 110
210 111
211 111
212 112
213 112
214 113
215 112
216 112
217 111
218 111
219 110
220 109
221 108
222 108
223 108
224 109
225 109
226 108
227 109
228 108
229 109
230 109
231 109
232 109
233 108
234 108
235 109
236 109
237 108
238 107
239 107
240 108
241 107
242 106
243 106
244 107
245 108
246 107
247 107
248 106
249 107
250 107
251 107
252 108
253 107
254 106
255 105
256 106
257 105
258 104
259 103
260 102
261 102
262 102
263 103
264 102
265 102
266 103
267 103
268 103
269 102
270 103
271 103
272 102
273 101
274 100
275 99
276 100
277 99
278 99
279 98
280 99
281 98
282 99
283 98
284 98
285 99
286 99
287 98
288 97
289 97
290 96
291 96
292 95
293 94
294 94
295 93
296 93
297 93
298 94
299 93
300 93
301 94
302 95
303 96
304 97
305 98
306 99
307 98
308 98
309 98
310 98
311 97
312 97
313 97
314 96
315 95
316 95
317 96
318 95
319 96
320 95
321 96
322 96
323 96
324 95
325 96
326 96
327 97
328 96
329 96
330 95
331 96
332 96
333 97
334 97
335 97
336 98
337 98
338 98
339 97
340 98
341 98
342 98
343 98
344 99
345 100
346 100
347 99
348 98
349 97
350 96
351 95
352 96
353 96
354 96
355 97
356 98
357 98
358 99
359 98
360 99
361 100
362 99
363 99
364 100
365 100
366 99
367 99
368 98
369 99
370 100
371 99
372 99
373 99
374 100
375 99
376 99
377 98
378 99
379 99
380 98
381 97
382 98
383 97
384 98
385 98
386 97
387 97
388 96
389 97
390 98
391 98
392 99
393 100
394 101
395 101
396 102
397 101
398 100
399 99
400 99
401 100
402 99
403 100
404 100
405 101
406 101
407 102
408 102
409 102
410 102
411 103
412 103
413 103
414 103
415 103
416 102
417 102
418 101
419 101
420 102
421 101
422 102
423 102
424 103
425 104
426 103
427 103
428 102
429 101
430 102
431 103
432 102
433 101
434 102
435 102
436 101
437 101
438 101
439 102
440 103
441 102
442 101
443 102
444 102
445 102
446 101
447 102
448 103
449 103
450 102
451 103
452 103
453 102
454 102
455 102
456 103
457 103
458 103
459 102
460 103
461 102
462 103
463 104
464 104
465 105
466 105
467 106
468 105
469 104
470 105
471 105
472 105
473 106
474 105
475 106
476 105
477 105
478 106
479 106
480 107
481 106
482 105
483 105
484 104
485 104
486 104
487 103
488 102
489 101
490 100
491 101
492 100
493 100
494 101
495 100
496 100
497 100
498 99
499 100
500 101
501 102
502 101
503 100
504 101
505 101
506 100
507 101
508 100
509 99
510 99
511 98
512 97
513 98
514 97
515 98
516 98
517 98
518 99
519 98
520 98
521 97
522 96
523 97
524 98
525 97
526 98
527 97
528 97
529 98
530 97
531 96
532 97
533 97
534 97
535 98
536 97
537 98
538 98
539 97
540 98
541 98
542 98
543 97
544 97
545 97
546 98
547 99
548 100
549 101
550 100
551 100
552 100
553 100
554 100
555 99
556 100
557 100
558 100
559 99
560 100
561 100
562 101
563 102
564 103
565 102
566 102
567 101
568 100
569 99
570 99
571 98
572 99
573 98
574 98
575 97
576 97
577 97
578 97
579 98
580 98
581 98
582 97
583 96
584 97
585 98
586 97
587 98
588 99
589 99
590 98
591 98
592 97
593 96
594 96
595 96
596 96
597 95
598 95
599 94
600 94
601 94
602 93
603 93
604 93
605 94
606 94
607 95
608 95
609 96
610 96
611 95
612 95
613 94
614 93
615 93
616 94
617 93
618 93
619 93
620 92
621 93
622 92
623 92
624 91
625 92
626 93
627 93
628 94
629 95
630 96
631 96
632 95
633 94
634 95
635 96
636 97
637 97
638 97
639 96
640 96
641 96
642 96
643 95
644 95
645 95
646 96
647 96
648 95
649 94
650 93
651 93
652 92
653 92
654 93
655 92
656 92
657 91
658 90
659 89
660 88
661 89
662 90
663 90
664 89
665 90
666 89
667 88
668 88
669 89
670 89
671 88
672 87
673 86
674 86
675 87
676 88
677 87
678 87
679 88
680 89
681 90
682 90
683 91
684 91
685 91
686 91
687 92
688 93
689 94
690 94
691 93
692 94
693 94
694 94
695 93
696 93
697 94
698 93
699 92
700 92
701 92
702 91
703 90
704 91
705 91
706 92
707 93
708 94
709 94
710 94
711 94
712 94
713 94
714 94
715 93
716 92
717 91
718 92
719 93
720 94
721 94
722 93
723 93
724 92
725 92
726 92
727 92
728 92
729 93
730 94
731 95
732 96
733 95
734 96
735 96
736 96
737 95
738 94
739 94
740 94
741 93
742 92
743 91
744 91
745 92
746 91
747 91
748 92
749 91
750 91
751 92
752 91
753 91
754 90
755 89
756 88
757 87
758 88
759 88
760 87
761 87
762 87
763 88
764 88
765 88
766 89
767 88
768 89
769 90
770 90
771 89
772 88
773 88
774 88
775 89
776 89
777 90
778 89
779 88
780 88
781 89
782 90
783 90
784 90
785 90
786 90
787 91
788 92
789 91
790 91
791 92
792 93
793 92
794 91
795 90
796 91
797 92
798 92
799 92
800 92
801 91
802 92
803 91
804 92
805 92
806 93
807 93
808 92
809 92
810 93
811 94
812 93
813 94
814 93
815 92
816 91
817 91
818 90
819 91
820 92
821 93
822 92
823 92
824 91
825 90
826 91
827 92
828 93
829 92
830 92
831 92
832 92
833 91
834 91
835 91
836 91
837 92
838 93
839 92
840 91
841 92
842 93
843 93
844 94
845 94
846 94
847 93
848 94
849 93
850 93
851 92
852 93
853 94
854 94
855 95
856 96
857 97
858 98
859 99
860 98
861 97
862 97
863 98
864 97
865 97
866 97
867 96
868 95
869 95
870 94
871 93
872 93
873 92
874 93
875 93
876 93
877 94
878 93
879 94
880 95
881 95
882 96
883 96
884 95
885 95
886 95
887 94
888 94
889 93
890 92
891 93
892 92
893 92
894 92
895 92
896 93
897 92
898 92
899 93
900 94
901 95
902 94
903 94
904 94
905 93
906 92
907 91
908 92
909 91
910 92
911 92
912 93
913 94
914 93
915 92
916 93
917 93
918 92
919 91
920 92
921 91
922 92
923 93
924 94
925 95
926 94
927 95
928 94
929 93
930 94
931 93
932 94
933 94
934 94
935 93
936 93
937 93
938 93
939 93
940 94
941 94
942 93
943 93
944 93
945 92
946 93
947 92
948 93
949 94
950 94
951 94
952 93
953 94
954 93
955 93
956 94
957 94
958 93
959 94
960 94
961 93
962 94
963 95
964 95
965 94
966 95
967 94
968 93
969 93
970 93
971 92
972 91
973 91
974 90
975 90
976 91
977 92
978 93
979 93
980 92
981 92
982 93
983 93
984 92
985 91
986 92
987 93
988 92
989 91
990 92
991 92
992 92
993 92
994 92
995 91
996 90
997 90
998 90
999 90
1000 91
1001 90
1002 90
1003 91
1004 92
1005 93
1006 93
1007 93
1008 92
1009 92
1010 92
1011 91
1012 90
1013 89
1014 90
1015 90
1016 90
1017 91
1018 91
1019 91
1020 90
1021 89
1022 88
1023 89
1024 88
1025 89
1026 88
1027 87
1028 87
1029 88
1030 89
1031 88
1032 89
1033 89
1034 89
1035 90
1036 90
1037 89
1038 90
1039 91
1040 92
1041 91
1042 90
1043 89
1044 88
1045 89
1046 89
1047 90
1048 91
1049 90
1050 90
1051 89
1052 89
1053 90
1054 91
1055 92
1056 93
1057 92
1058 91
1059 90
1060 91
1061 92
1062 92
1063 91
1064 91
1065 90
1066 91
1067 90
1068 90
1069 91
1070 92
1071 92
1072 91
1073 92
1074 92
1075 93
1076 92
1077 93
1078 93
1079 94
1080 93
1081 92
1082 91
1083 92
1084 91
1085 90
1086 91
1087 90
1088 90
1089 91
1090 91
1091 91
1092 92
1093 91
1094 92
1095 91
1096 91
1097 92
1098 92
1099 91
1100 92
1101 92
1102 93
1103 92
1104 92
1105 91
1106 92
1107 93
1108 92
1109 92
1110 92
1111 92
1112 93
1113 94
1114 94
1115 93
1116 92
1117 91
1118 91
1119 91
1120 90
1121 91
1122 90
1123 91
1124 92
1125 91
1126 91
1127 91
1128 90
1129 91
1130 92
1131 91
1132 91
1133 92
1134 91
1135 90
1136 89
1137 88
1138 89
1139 89
1140 90
1141 90
1142 89
1143 89
1144 89
1145 90
1146 91
1147 91
1148 90
1149 89
1150 88
1151 88
1152 87
1153 88
1154 88
1155 89
1156 90
1157 91
1158 92
1159 91
1160 91
1161 92
1162 91
1163 91
1164 92
1165 93
1166 93
1167 94
1168 95
1169 95
1170 95
1171 95
1172 96
1173 95
1174 94
1175 94
1176 93
1177 92
1178 91
1179 90
1180 89
1181 89
1182 90
1183 89
1184 88
1185 88
1186 87
1187 87
1188 86
1189 85
1190 85
1191 84
1192 83
1193 82
1194 82
1195 81
1196 82
1197 83
1198 82
1199 82
1200 82
1201 83
1202 82
1203 82
1204 83
1205 83
1206 84
1207 85
1208 85
1209 86
1210 85
1211 86
1212 86
1213 85
1214 84
1215 85
1216 86
1217 85
1218 85
1219 86
1220 87
1221 86
1222 87
1223 86
1224 86
1225 86
1226 85
1227 84
1228 85
1229 85
1230 86
1231 85
1232 84
1233 85
1234 86
1235 85
1236 85
1237 85
1238 84
1239 85
1240 86
1241 87
1242 87
1243 87
1244 86
1245 86
1246 85
1247 86
1248 87
1249 88
1250 88
1251 88
1252 87
1253 88
1254 88
1255 88
1256 87
1257 88
1258 89
1259 90
1260 90
1261 90
1262 90
1263 91
1264 91
1265 90
1266 90
1267 91
1268 91
1269 92
1270 92
1271 92
1272 92
1273 91
1274 92
1275 92
1276 93
1277 93
1278 93
1279 93
1280 93
1281 92
1282 92
1283 92
1284 93
1285 92
1286 91
1287 90
1288 89
1289 90
1290 90
1291 91
1292 91
1293 92
1294 93
1295 94
1296 93
1297 93
1298 94
1299 95
1300 96
1301 95
1302 95
1303 95
1304 95
1305 94
1306 94
1307 93
1308 94
1309 95
1310 95
1311 94
1312 95
1313 96
1314 97
1315 98
1316 98
1317 97
1318 97
1319 97
1320 96
1321 97
1322 97
1323 97
1324 98
1325 98
1326 98
1327 99
1328 99
1329 98
1330 98
1331 97
1332 97
1333 98
1334 99
1335 100
1336 100
1337 99
1338 100
1339 99
1340 98
1341 99
1342 100
1343 99
1344 100
1345 100
1346 100
1347 99
1348 100
1349 101
1350 102
1351 103
1352 104
1353 104
1354 105
1355 105
1356 105
1357 104
1358 104
1359 105
1360 105
1361 104
1362 103
1363 102
1364 102
1365 103
1366 102
1367 103
1368 102
1369 101
1370 100
1371 100
1372 101
1373 102
1374 102
1375 101
1376 102
1377 103
1378 102
1379 102
1380 102
1381 102
1382 102
1383 102
1384 103
1385 102
1386 103
1387 102
1388 103
1389 103
1390 102
1391 102
1392 103
1393 102
1394 102
1395 101
1396 100
1397 100
1398 99
1399 99
1400 100
1401 99
1402 100
1403 101
1404 101
1405 101
1406 102
1407 101
1408 102
1409 102
1410 103
1411 103
1412 104
1413 104
1414 103
1415 103
1416 104
1417 103
1418 102
1419 103
1420 104
1421 103
1422 102
1423 102
1424 103
1425 103
1426 103
1427 104
1428 104
1429 105
1430 105
1431 104
1432 105
1433 105
1434 104
1435 104
1436 103
1437 102
1438 103
1439 104
1440 105
1441 106
1442 106
1443 106
1444 106
1445 106
1446 105
1447 105
1448 106
1449 105
1450 104
1451 104
1452 104
1453 103
1454 102
1455 101
1456 102
1457 102
1458 101
1459 100
1460 100
1461 101
1462 101
1463 102
1464 101
1465 102
1466 101
1467 101
1468 100
1469 100
1470 100
1471 101
1472 100
1473 99
1474 98
1475 98
1476 99
1477 98
1478 99
1479 99
1480 100
1481 99
1482 98
1483 98
1484 97
1485 96
1486 96
1487 95
1488 94
1489 95
1490 95
1491 95
1492 96
1493 95
1494 95
1495 94
1496 95
1497 96
1498 96
1499 97
1500 96
1501 97
1502 98
1503 97
1504 96
1505 95
1506 94
1507 95
1508 94
1509 95
1510 95
1511 94
1512 93
1513 94
1514 94
1515 94
1516 93
1517 92
1518 93
1519 92
1520 93
1521 93
1522 92
1523 93
1524 94
1525 94
1526 95
1527 95
1528 95
1529 95
1530 95
1531 96
1532 96
1533 95
1534 95
1535 94
1536 94
1537 94
1538 95
1539 96
1540 96
1541 96
1542 95
1543 96
1544 95
1545 95
1546 96
1547 97
1548 98
1549 98
1550 99
1551 100
1552 99
1553 98
1554 99
1555 100
1556 99
1557 100
1558 100
1559 100
1560 100
1561 101
1562 102
1563 102
1564 101
1565 100
1566 100
1567 100
1568 100
1569 99
1570 99
1571 98
1572 97
1573 98
1574 97
1575 97
1576 96
1577 95
1578 94
1579 93
1580 93
1581 93
1582 92
1583 91
1584 91
1585 90
1586 89
1587 90
1588 91
1589 92
1590 93
1591 93
1592 94
1593 94
1594 93
1595 93
1596 93
1597 93
1598 92
1599 91
1600 92
1601 93
1602 93
1603 94
1604 94
1605 94
1606 94
1607 95
1608 96
1609 96
1610 95
1611 96
1612 97
1613 96
1614 97
1615 98
1616 98
1617 99
1618 100
1619 100
1620 101
1621 101
1622 100
1623 101
1624 102
1625 101
1626 101
1627 101
1628 102
1629 102
1630 103
1631 103
1632 103
1633 103
1634 103
1635 102
1636 101
1637 100
1638 99
1639 98
1640 99
1641 99
1642 100
1643 101
1644 101
1645 101
1646 102
1647 101
1648 101
1649 101
1650 102
1651 103
1652 103
1653 102
1654 102
1655 101
1656 101
1657 100
1658 99
1659 98
1660 98
1661 99
1662 99
1663 98
1664 97
1665 96
1666 96
1667 96
1668 95
1669 95
1670 96
1671 95
1672 96
1673 96
1674 95
1675 96
1676 95
1677 94
1678 93
1679 93
1680 94
1681 93
1682 92
1683 91
1684 90
1685 91
1686 92
1687 92
1688 91
1689 92
1690 93
1691 94
1692 94
1693 93
1694 92
1695 91
1696 92
1697 92
1698 93
1699 92
1700 92
1701 92
1702 91
1703 91
1704 92
1705 92
1706 91
1707 92
1708 93
1709 93
1710 93
1711 94
1712 94
1713 93
1714 94
1715 94
1716 93
1717 93
1718 92
1719 92
1720 91
1721 92
1722 92
1723 91
1724 91
1725 91
1726 91
1727 90
1728 90
1729 89
1730 89
1731 90
1732 91
1733 90
1734 89
1735 90
1736 90
1737 91
1738 92
1739 92
1740 91
1741 90
1742 90
1743 91
1744 91
1745 90
1746 90
1747 91
1748 90
1749 91
1750 91
1751 91
1752 92
1753 93
1754 94
1755 93
1756 93
1757 92
1758 92
1759 93
1760 93
1761 92
1762 93
1763 93
1764 92
1765 92
1766 91
1767 92
1768 92
1769 93
1770 93
1771 93
1772 93
1773 94
1774 94
1775 95
1776 95
1777 95
1778 96
1779 97
1780 96
1781 95
1782 94
1783 93
1784 92
1785 92
1786 92
1787 91
1788 91
1789 90
1790 89
1791 89
1792 89
1793 88
1794 89
1795 90
1796 91
1797 90
1798 91
1799 90
1800 89
1801 89
1802 90
1803 90
1804 91
1805 92
1806 93
1807 93
1808 92
1809 92
1810 91
1811 90
1812 89
1813 88
1814 87
1815 87
1816 88
1817 89
1818 89
1819 89
1820 89
1821 90
1822 89
1823 90
1824 89
1825 90
1826 91
1827 92
1828 91
1829 92
1830 93
1831 94
1832 94
1833 95
1834 94
1835 93
1836 93
1837 92
1838 92
1839 92
1840 93
1841 93
1842 94
1843 93
1844 92
1845 92
1846 92
1847 93
1848 93
1849 92
1850 92
1851 93
1852 92
1853 93
1854 92
1855 91
1856 90
1857 89
1858 90
1859 90
1860 89
1861 90
1862 89
1863 89
1864 90
1865 91
1866 90
1867 90
1868 91
1869 91
1870 90
1871 90
1872 90
1873 89
1874 89
1875 90
1876 90
1877 90
1878 91
1879 92
1880 93
1881 94
1882 93
1883 94
1884 94
1885 93
1886 94
1887 94
1888 93
1889 94
1890 93
1891 92
1892 93
1893 92
1894 93
1895 93
1896 92
1897 93
1898 94
1899 93
1900 94
1901 93
1902 94
1903 93
1904 93
1905 94
1906 93
1907 94
1908 93
1909 94
1910 95
1911 96
1912 97
1913 96
1914 96
1915 96
1916 95
1917 95
1918 94
1919 94
1920 93
1921 92
1922 93
1923 94
1924 95
1925 96
1926 96
1927 97
1928 98
1929 98
1930 99
1931 99
1932 100
1933 101
1934 102
1935 101
1936 101
1937 102
1938 101
1939 102
1940 101
1941 102
1942 102
1943 103
1944 103
1945 102
1946 101
1947 101
1948 101
1949 102
1950 102
1951 103
1952 104
1953 103
1954 103
1955 104
1956 103
1957 104
1958 103
1959 102
1960 102
1961 101
1962 101
1963 100
1964 101
1965 101
1966 101
1967 101
1968 101
1969 101
1970 101
1971 101
1972 102
1973 103
1974 104
1975 103
1976 104
1977 105
1978 106
1979 106
1980 107
1981 106
1982 105
1983 104
1984 105
1985 106
1986 107
1987 108
1988 107
1989 108
1990 107
1991 107
1992 106
1993 105
1994 104
1995 103
1996 104
1997 104
1998 103
1999 102
2000 102
2001 102
2002 101
2003 100
2004 101
2005 102
2006 102
2007 103
2008 104
2009 103
2010 103
2011 104
2012 105
2013 105
2014 106
2015 106
2016 106
2017 106
2018 106
2019 107
2020 108
2021 109
2022 108
2023 107
2024 108
2025 108
2026 107
2027 107
2028 106
2029 106
2030 107
2031 107
2032 106
2033 107
2034 108
2035 107
2036 107
2037 106
2038 107
2039 108
2040 108
2041 107
2042 107
2043 106
2044 105
2045 104
2046 104
2047 105
2048 106
2049 105
2050 105
2051 106
2052 105
2053 106
2054 107
2055 106
2056 106
2057 105
2058 106
2059 107
2060 107
2061 107
2062 107
2063 108
2064 109
2065 108
2066 109
2067 109
2068 109
2069 108
2070 107
2071 106
2072 106
2073 107
2074 107
2075 107
2076 106
2077 105
2078 105
2079 104
2080 104
2081 103
2082 104
2083 104
2084 103
2085 104
2086 104
2087 104
2088 103
2089 103
2090 103
2091 104
2092 103
2093 104
2094 105
2095 104
2096 103
2097 104
2098 105
2099 106
2100 107
2101 106
2102 107
2103 107
2104 106
2105 105
2106 104
2107 104
2108 105
2109 104
2110 104
2111 103
2112 102
2113 102
2114 103
2115 102
2116 102
2117 102
2118 103
2119 103
2120 103
2121 102
2122 103
2123 103
2124 102
2125 103
2126 104
2127 103
2128 103
2129 103
2130 102
2131 103
2132 104
2133 103
2134 103
2135 102
2136 102
2137 102
2138 102
2139 101
2140 101
2141 100
2142 100
2143 99
2144 99
2145 99
2146 98
2147 97
2148 96
2149 96
2150 97
2151 97
2152 98
2153 98
2154 97
2155 96
2156 95
2157 94
2158 94
2159 93
2160 94
2161 95
2162 94
2163 95
2164 94
2165 94
2166 95
2167 95
2168 94
2169 94
2170 93
2171 92
2172 92
2173 93
2174 92
2175 91
2176 91
2177 91
2178 91
2179 91
2180 92
2181 92
2182 92
2183 93
2184 92
2185 93
2186 92
2187 92
2188 91
2189 91
2190 92
2191 91
2192 91
2193 92
2194 93
2195 93
2196 92
2197 91
2198 91
2199 91
2200 91
2201 92
2202 93
2203 92
2204 92
2205 93
2206 92
2207 93
2208 92
2209 93
2210 93
2211 93
2212 92
2213 93
2214 92
2215 92
2216 93
2217 93
2218 93
2219 92
2220 93
2221 92
2222 91
2223 92
2224 91
2225 90
2226 90
2227 89
2228 88
2229 89
2230 90
2231 91
2232 92
2233 93
2234 94
2235 93
2236 94
2237 93
2238 94
2239 94
2240 95
2241 95
2242 96
2243 95
2244 95
2245 94
2246 95
2247 95
2248 95
2249 94
2250 94
2251 94
2252 93
2253 94
2254 93
2255 93
2256 92
2257 93
2258 92
2259 91
2260 92
2261 91
2262 90
2263 91
2264 90
2265 91
2266 90
2267 91
2268 90
2269 90
2270 89
2271 88
2272 89
2273 88
2274 88
2275 88
2276 87
2277 87
2278 86
2279 86
2280 87
2281 88
2282 88
2283 87
2284 88
2285 88
2286 89
2287 88
2288 88
2289 89
2290 89
2291 90
2292 91
2293 92
2294 93
2295 92
2296 93
2297 94
2298 94
2299 93
2300 92
2301 92
2302 91
2303 90
2304 89
2305 89
2306 90
2307 89
2308 88
2309 87
2310 86
2311 87
2312 88
2313 88
2314 87
2315 88
2316 87
2317 88
2318 89
2319 88
2320 89
2321 90
2322 91
2323 92
2324 92
2325 93
2326 92
2327 91
2328 92
2329 92
2330 92
2331 92
2332 91
2333 92
2334 92
2335 91
2336 91
2337 91
2338 92
2339 93
2340 94
2341 95
2342 96
2343 97
2344 97
2345 98
2346 99
2347 100
2348 100
2349 99
2350 100
2351 100
2352 101
2353 102
2354 102
2355 102
2356 103
2357 104
2358 105
2359 106
2360 106
2361 106
2362 105
2363 105
2364 105
2365 105
2366 104
2367 103
2368 103
2369 102
2370 101
2371 100
2372 99
2373 98
2374 97
2375 97
2376 98
2377 97
2378 97
2379 98
2380 98
2381 99
2382 98
2383 97
2384 97
2385 97
2386 98
2387 98
2388 97
2389 97
2390 96
2391 96
2392 95
2393 95
2394 95
2395 95
2396 96
2397 97
2398 98
2399 98
2400 99
2401 98
2402 99
2403 98
2404 97
2405 96
2406 97
2407 96
2408 96
2409 95
2410 96
2411 97
2412 98
2413 99
2414 98
2415 99
2416 100
2417 101
2418 100
2419 101
2420 102
2421 102
2422 103
2423 104
2424 105
2425 104
2426 105
2427 106
2428 105
2429 106
2430 107
2431 106
2432 107
2433 107
2434 106
2435 105
2436 106
2437 107
2438 106
2439 106
2440 107
2441 106
2442 105
2443 104
2444 103
2445 104
2446 105
2447 106
2448 106
2449 105
2450 106
2451 106
2452 106
2453 106
2454 106
2455 106
2456 107
2457 107
2458 107
2459 106
2460 105
2461 104
2462 103
2463 104
2464 105
2465 104
2466 103
2467 104
2468 103
2469 103
2470 102
2471 103
2472 103
2473 103
2474 102
2475 103
2476 102
2477 103
2478 103
2479 102
2480 103
2481 103
2482 103
2483 103
2484 102
2485 103
2486 104
2487 103
2488 102
2489 103
2490 102
2491 102
2492 103
2493 103
2494 103
2495 104
2496 104
2497 105
2498 105
2499 105
2500 105
2501 106
2502 107
2503 106
2504 105
2505 104
2506 103
2507 104
2508 103
2509 102
2510 103
2511 102
2512 103
2513 102
2514 103
2515 102
2516 102
2517 103
2518 102
2519 102
2520 102
2521 103
2522 102
2523 103
2524 102
2525 103
2526 103
2527 102
2528 103
2529 102
2530 103
2531 103
2532 102
2533 103
2534 104
2535 103
2536 102
2537 101
2538 100
2539 100
2540 99
2541 100
2542 100
2543 99
2544 98
2545 98
2546 98
2547 98
2548 98
2549 99
2550 98
2551 97
2552 97
2553 97
2554 98
2555 97
2556 97
2557 97
2558 96
2559 96
2560 96
2561 95
2562 96
2563 96
2564 95
2565 96
2566 95
2567 94
2568 93
2569 93
2570 93
2571 93
2572 93
2573 92
2574 93
2575 94
2576 95
2577 94
2578 94
2579 94
2580 93
2581 94
2582 94
2583 95
2584 95
2585 96
2586 97
2587 96
2588 95
2589 94
2590 95
2591 94
2592 94
2593 95
2594 96
2595 97
2596 98
2597 97
2598 98
2599 97
2600 98
2601 98
2602 99
2603 99
2604 100
2605 100
2606 99
2607 99
2608 98
2609 99
2610 100
2611 100
2612 100
2613 101
2614 100
2615 99
2616 99
2617 99
2618 99
2619 100
2620 101
2621 100
2622 101
2623 101
2624 100
2625 101
2626 100
2627 100
2628 99
2629 98
2630 98
2631 99
2632 99
2633 98
2634 97
2635 98
2636 97
2637 97
2638 96
2639 95
2640 94
2641 94
2642 94
2643 95
2644 94
2645 95
2646 94
2647 95
2648 95
2649 95
2650 95
2651 95
2652 94
2653 95
2654 96
2655 96
2656 97
2657 97
2658 98
2659 99
2660 99
2661 99
2662 100
2663 100
2664 101
2665 102
2666 101
2667 102
2668 102
2669 101
2670 100
2671 101
2672 102
2673 103
2674 103
2675 104
2676 103
2677 102
2678 103
2679 103
2680 103
2681 103
2682 102
2683 103
2684 102
2685 102
2686 103
2687 104
2688 105
2689 105
2690 105
2691 104
2692 103
2693 103
2694 103
2695 102
2696 103
2697 103
2698 102
2699 102
2700 101
2701 101
2702 100
2703 101
2704 101
2705 100
2706 101
2707 101
2708 100
2709 100
2710 100
2711 101
2712 100
2713 100
2714 101
2715 101
2716 102
2717 103
2718 103
2719 103
2720 102
2721 102
2722 103
2723 103
2724 104
2725 103
2726 104
2727 104
2728 103
2729 104
2730 105
2731 104
2732 104
2733 104
2734 105
2735 104
2736 104
2737 105
2738 106
2739 106
2740 107
2741 106
2742 105
2743 106
2744 105
2745 104
2746 104
2747 105
2748 106
2749 105
2750 105
2751 105
2752 105
2753 105
2754 104
2755 104
2756 105
2757 106
2758 105
2759 106
2760 106
2761 106
2762 107
2763 106
2764 107
2765 106
2766 106
2767 106
2768 107
2769 106
2770 107
2771 107
2772 108
2773 107
2774 107
2775 108
2776 109
2777 108
2778 109
2779 110
2780 109
2781 108
2782 108
2783 107
2784 108
2785 108
2786 108
2787 109
2788 108
2789 109
2790 110
2791 109
2792 108
2793 109
2794 109
2795 108
2796 109
2797 110
2798 110
2799 111
2800 110
2801 110
2802 110
2803 109
2804 108
2805 107
2806 106
2807 105
2808 105
2809 104
2810 105
2811 105
2812 104
2813 104
2814 104
2815 104
2816 103
2817 102
2818 102
2819 103
2820 102
2821 101
2822 102
2823 102
2824 101
2825 100
2826 101
2827 102
2828 101
2829 101
2830 100
2831 100
2832 100
2833 100
2834 99
2835 99
2836 99
2837 98
2838 98
2839 99
2840 98
2841 98
2842 98
2843 99
2844 98
2845 98
2846 97
2847 97
2848 98
2849 98
2850 97
2851 96
2852 96
2853 95
2854 96
2855 97
2856 96
2857 97
2858 98
2859 98
2860 98
2861 99
2862 98
2863 99
2864 99
2865 98
2866 97
2867 98
2868 99
2869 100
2870 101
2871 102
2872 102
2873 103
2874 103
2875 103
2876 103
2877 104
2878 103
2879 102
2880 101
2881 100
2882 100
2883 99
2884 99
2885 99
2886 98
2887 99
2888 99
2889 98
2890 97
2891 98
2892 98
2893 99
2894 100
2895 101
2896 100
2897 101
2898 100
2899 101
2900 102
2901 103
2902 104
2903 104
2904 105
2905 105
2906 104
2907 103
2908 103
2909 103
2910 103
2911 104
2912 105
2913 104
2914 105
2915 105
2916 105
2917 104
2918 103
2919 104
2920 104
2921 105
2922 106
2923 107
2924 107
2925 107
2926 107
2927 107
2928 108
2929 108
2930 108
2931 109
2932 110
2933 110
2934 109
2935 109
2936 110
2937 109
2938 110
2939 109
2940 110
2941 110
2942 110
2943 111
2944 111
2945 110
2946 109
2947 108
2948 109
2949 109
2950 108
2951 107
2952 106
2953 107
2954 108
2955 109
2956 109
2957 109
2958 110
2959 109
2960 109
2961 109
2962 110
2963 110
2964 111
2965 110
2966 111
2967 112
2968 112
2969 113
2970 113
2971 113
2972 112
2973 113
2974 113
2975 114
2976 115
2977 115
2978 116
2979 116
2980 115
2981 116
2982 117
2983 118
2984 119
2985 120
2986 120
2987 120
2988 121
2989 120
2990 120
2991 119
2992 119
2993 119
2994 119
2995 119
2996 120
2997 120
2998 120
2999 119
3000 119
3001 120
3002 121
3003 122
3004 122
3005 121
3006 122
3007 122
3008 123
3009 124
3010 124
3011 123
3012 124
3013 124
3014 125
3015 126
3016 126
3017 126
3018 125
3019 124
3020 125
3021 125
3022 125
3023 125
3024 124
3025 123
3026 122
3027 121
3028 121
3029 121
3030 120
3031 119
3032 119
3033 118
3034 118
3035 117
3036 117
3037 117
3038 118
3039 118
3040 117
3041 116
3042 116
3043 115
3044 116
3045 116
3046 117
3047 117
3048 118
3049 119
3050 120
3051 121
3052 121
3053 120
3054 120
3055 121
3056 120
3057 120
3058 121
3059 122
3060 121
3061 120
3062 120
3063 121
3064 121
3065 122
3066 123
3067 124
3068 123
3069 123
3070 123
3071 123
3072 122
3073 123
3074 124
3075 123
3076 123
3077 123
3078 123
3079 123
3080 124
3081 123
3082 123
3083 122
3084 122
3085 123
3086 122
3087 122
3088 122
3089 121
3090 121
3091 122
3092 122
3093 123
3094 123
3095 124
3096 125
3097 125
3098 124
3099 123
3100 123
3101 123
3102 124
3103 124
3104 125
3105 125
3106 125
3107 125
3108 124
3109 123
3110 124
3111 125
3112 125
3113 126
3114 126
3115 127
3116 127
3117 127
3118 127
3119 126
3120 126
3121 127
3122 126
3123 126
3124 127
3125 126
3126 125
3127 125
3128 125
3129 125
3130 126
3131 127
3132 127
3133 128
3134 128
3135 128
3136 128
3137 129
3138 130
3139 130
3140 129
3141 128
3142 129
3143 129
3144 130
3145 129
3146 128
3147 127
3148 128
3149 128
3150 128
3151 128
3152 129
3153 128
3154 129
3155 129
3156 128
3157 128
3158 127
3159 127
3160 128
3161 127
3162 127
3163 127
3164 126
3165 125
3166 126
3167 126
3168 125
3169 126
3170 125
3171 125
3172 126
3173 127
3174 126
3175 127
3176 126
3177 126
3178 127
3179 128
3180 128
3181 129
3182 128
3183 127
3184 128
3185 127
3186 128
3187 129
3188 130
3189 131
3190 131
3191 131
3192 131
3193 130
3194 130
3195 131
3196 131
3197 130
3198 130
3199 131
3200 130
3201 131
3202 130
3203 129
3204 130
3205 129
3206 130
3207 131
3208 130
3209 129
3210 130
3211 130
3212 129
3213 130
3214 130
3215 131
3216 130
3217 129
3218 130
3219 131
3220 130
3221 129
3222 130
3223 131
3224 132
3225 131
3226 132
3227 131
3228 131
3229 130
3230 131
3231 132
3232 133
3233 134
3234 133
3235 134
3236 134
3237 133
3238 133
3239 133
3240 133
3241 132
3242 133
3243 133
3244 132
3245 132
3246 131
3247 132
3248 132
3249 131
3250 132
3251 132
3252 132
3253 132
3254 133
3255 132
3256 133
3257 133
3258 133
3259 133
3260 134
3261 133
3262 133
3263 134
3264 134
3265 134
3266 134
3267 133
3268 134
3269 133
3270 133
3271 132
3272 131
3273 131
3274 131
3275 131
3276 130
3277 131
3278 130
3279 130
3280 129
3281 128
3282 127
3283 128
3284 129
3285 130
3286 129
3287 128
3288 128
3289 129
3290 130
3291 129
3292 128
3293 127
3294 128
3295 128
3296 129
3297 129
3298 129
3299 128
3300 128
3301 127
3302 126
3303 127
3304 128
3305 127
3306 127
3307 128
3308 127
3309 128
3310 128
3311 128
3312 129
3313 130
3314 130
3315 129
3316 130
3317 130
3318 129
3319 129
3320 128
3321 129
3322 130
3323 131
3324 130
3325 131
3326 130
3327 129
3328 128
3329 127
3330 126
3331 125
3332 124
3333 125
3334 126
3335 125
3336 126
3337 125
3338 124
3339 125
3340 124
3341 125
3342 125
3343 124
3344 124
3345 125
3346 125
3347 125
3348 125
3349 125
3350 126
3351 127
3352 127
3353 126
3354 126
3355 127
3356 126
3357 125
3358 124
3359 123
3360 122
3361 121
3362 121
3363 120
3364 119
3365 119
3366 119
3367 118
3368 118
3369 117
3370 116
3371 117
3372 118
3373 119
3374 119
3375 119
3376 120
3377 121
3378 122
3379 121
3380 122
3381 121
3382 120
3383 120
3384 119
3385 118
3386 118
3387 117
3388 116
3389 116
3390 116
3391 115
3392 116
3393 115
3394 115
3395 114
3396 114
3397 114
3398 113
3399 112
3400 112
3401 112
3402 112
3403 111
3404 111
3405 110
3406 111
3407 110
3408 111
3409 111
3410 111
3411 112
3412 112
3413 113
3414 113
3415 114
3416 115
3417 116
3418 117
3419 118
3420 118
3421 119
3422 118
3423 117
3424 116
3425 115
3426 114
3427 115
3428 115
3429 116
3430 115
3431 114
3432 114
3433 114
3434 113
3435 114
3436 115
3437 116
3438 115
3439 116
3440 116
3441 117
3442 118
3443 118
3444 119
3445 119
3446 118
3447 118
3448 117
3449 117
3450 118
3451 118
3452 117
3453 118
3454 117
3455 117
3456 118
3457 118
3458 117
3459 117
3460 116
3461 115
3462 115
3463 116
3464 115
3465 116
3466 117
3467 118
3468 119
3469 119
3470 120
3471 120
3472 119
3473 120
3474 119
3475 118
3476 117
3477 116
3478 115
3479 116
3480 117
3481 116
3482 116
3483 115
3484 114
3485 114
3486 114
3487 114
3488 113
3489 113
3490 114
3491 114
3492 113
3493 114
3494 114
3495 113
3496 113
3497 114
3498 115
3499 116
3500 115
3501 116
3502 116
3503 116
3504 116
3505 116
3506 115
3507 116
3508 117
3509 117
3510 117
3511 116
3512 116
3513 116
3514 115
3515 115
3516 116
3517 115
3518 116
3519 115
3520 116
3521 115
3522 116
3523 117
3524 118
3525 118
3526 119
3527 119
3528 118
3529 119
3530 118
3531 118
3532 118
3533 119
3534 118
3535 117
3536 117
3537 117
3538 118
3539 118
3540 119
3541 120
3542 120
3543 119
3544 118
3545 119
3546 119
3547 120
3548 121
3549 122
3550 121
3551 122
3552 123
3553 122
3554 122
3555 123
3556 123
3557 124
3558 124
3559 125
3560 125
3561 124
3562 123
3563 124
3564 125
3565 125
3566 126
3567 126
3568 127
3569 128
3570 127
3571 128
3572 128
3573 128
3574 129
3575 130
3576 130
3577 131
3578 130
3579 131
3580 132
3581 132
3582 132
3583 133
3584 133
3585 132
3586 132
3587 131
3588 132
3589 133
3590 132
3591 132
3592 133
3593 133
3594 133
3595 132
3596 131
3597 130
3598 130
3599 130
3600 130
3601 130
3602 129
3603 128
3604 127
3605 127
3606 126
3607 127
3608 126
3609 125
3610 125
3611 126
3612 126
3613 125
3614 125
3615 124
3616 125
3617 124
3618 123
3619 124
3620 123
3621 123
3622 123
3623 122
3624 121
3625 122
3626 122
3627 122
3628 122
3629 123
3630 122
3631 123
3632 123
3633 123
3634 122
3635 123
3636 124
3637 123
3638 123
3639 122
3640 122
3641 121
3642 120
3643 119
3644 118
3645 119
3646 119
3647 120
3648 121
3649 120
3650 119
3651 120
3652 121
3653 121
3654 120
3655 119
3656 118
3657 118
3658 118
3659 119
3660 119
3661 120
3662 120
3663 121
3664 121
3665 120
3666 120
3667 120
3668 120
3669 119
3670 119
3671 118
3672 118
3673 119
3674 119
3675 120
3676 120
3677 120
3678 119
3679 119
3680 119
3681 118
3682 117
3683 116
3684 116
3685 117
3686 116
3687 117
3688 117
3689 118
3690 119
3691 118
3692 119
3693 119
3694 118
3695 118
3696 118
3697 117
3698 118
3699 117
3700 116
3701 116
3702 116
3703 117
3704 117
3705 116
3706 116
3707 117
3708 117
3709 117
3710 116
3711 117
3712 117
3713 118
3714 117
3715 116
3716 117
3717 117
3718 116
3719 115
3720 116
3721 115
3722 115
3723 115
3724 115
3725 116
3726 115
3727 115
3728 116
3729 115
3730 116
3731 115
3732 114
3733 114
3734 113
3735 113
3736 113
3737 113
3738 113
3739 112
3740 112
3741 113
3742 112
3743 111
3744 112
3745 113
3746 113
3747 113
3748 112
3749 113
3750 112
3751 113
3752 114
3753 114
3754 115
3755 115
3756 115
3757 114
3758 115
3759 115
3760 115
3761 116
3762 117
3763 117
3764 116
3765 117
3766 116
3767 117
3768 118
3769 119
3770 118
3771 118
3772 119
3773 119
3774 119
3775 120
3776 119
3777 118
3778 118
3779 119
3780 120
3781 120
3782 121
3783 122
3784 122
3785 122
3786 122
3787 121
3788 122
3789 122
3790 121
3791 121
3792 121
3793 122
3794 121
3795 121
3796 120
3797 119
3798 118
3799 117
3800 116
3801 116
3802 117
3803 116
3804 115
3805 114
3806 115
3807 115
3808 115
3809 114
3810 113
3811 113
3812 112
3813 112
3814 112
3815 113
3816 114
3817 113
3818 114
3819 113
3820 113
3821 112
3822 112
3823 111
3824 111
3825 111
3826 112
3827 113
3828 112
3829 111
3830 112
3831 111
3832 110
3833 110
3834 109
3835 109
3836 110
3837 109
3838 110
3839 110
3840 111
3841 111
3842 110
3843 111
3844 112
3845 113
3846 114
3847 115
3848 114
3849 114
3850 115
3851 115
3852 116
3853 116
3854 115
3855 114
3856 114
3857 113
3858 112
3859 113
3860 113
3861 114
3862 113
3863 113
3864 113
3865 114
3866 115
3867 115
3868 116
3869 115
3870 114
3871 114
3872 114
3873 114
3874 114
3875 114
3876 113
3877 112
3878 111
3879 110
3880 109
3881 109
3882 110
3883 109
3884 110
3885 109
3886 109
3887 109
3888 108
3889 108
3890 108
3891 109
3892 109
3893 110
3894 109
3895 108
3896 108
3897 108
3898 108
3899 107
3900 107
3901 108
3902 107
3903 106
3904 105
3905 106
3906 106
3907 106
3908 105
3909 105
3910 106
3911 106
3912 105
3913 104
3914 104
3915 104
3916 103
3917 102
3918 103
3919 103
3920 103
3921 103
3922 103
3923 102
3924 101
3925 102
3926 101
3927 102
3928 102
3929 102
3930 103
3931 104
3932 105
3933 104
3934 103
3935 104
3936 103
3937 103
3938 104
3939 104
3940 104
3941 104
3942 105
3943 105
3944 105
3945 105
3946 106
3947 105
3948 106
3949 105
3950 106
3951 106
3952 107
3953 106
3954 106
3955 105
3956 106
3957 107
3958 108
3959 108
3960 108
3961 109
3962 109
3963 108
3964 107
3965 108
3966 107
3967 106
3968 106
3969 107
3970 107
3971 108
3972 108
3973 108
3974 109
3975 108
3976 107
3977 108
3978 108
3979 109
3980 110
3981 109
3982 108
3983 109
3984 108
3985 109
3986 110
3987 109
3988 109
3989 109
3990 110
3991 111
3992 111
3993 112
3994 111
3995 111
3996 112
3997 112
3998 113
3999 112
4000 112
4001 112
4002 112
4003 113
4004 112
4005 112
4006 111
4007 110
4008 109
4009 109
4010 108
4011 108
4012 108
4013 108
4014 107
4015 108
4016 107
4017 106
4018 106
4019 107
4020 108
4021 108
4022 109
4023 108
4024 107
4025 108
4026 109
4027 108
4028 108
4029 108
4030 109
4031 110
4032 109
4033 109
4034 110
4035 109
4036 110
4037 111
4038 110
4039 109
4040 110
4041 110
4042 110
4043 110
4044 111
4045 112
4046 113
4047 112
4048 111
4049 110
4050 111
4051 112
4052 112
4053 113
4054 113
4055 112
4056 113
4057 112
4058 111
4059 111
4060 110
4061 109
4062 109
4063 109
4064 109
4065 108
4066 109
4067 108
4068 108
4069 107
4070 107
4071 107
4072 108
4073 107
4074 108
4075 109
4076 108
4077 108
4078 107
4079 106
4080 107
4081 106
4082 106
4083 106
4084 105
4085 106
4086 107
4087 107
4088 106
4089 105
4090 104
4091 104
4092 104
4093 104
4094 103
4095 104
4096 103
4097 102
4098 102
4099 103
4100 102
4101 101
4102 100
4103 99
4104 98
4105 99
4106 98
4107 98
4108 99
4109 99
4110 100
4111 100
4112 101
4113 100
4114 99
4115 99
4116 98
4117 97
4118 98
4119 98
4120 98
4121 97
4122 98
4123 99
4124 99
4125 98
4126 99
4127 100
4128 99
4129 99
4130 99
4131 100
4132 100
4133 100
4134 101
4135 100
4136 101
4137 100
4138 100
4139 100
4140 100
4141 100
4142 99
4143 99
4144 100
4145 100
4146 99
4147 100
4148 100
4149 101
4150 101
4151 100
4152 99
4153 100
4154 99
4155 99
4156 100
4157 100
4158 100
4159 100
4160 101
4161 102
4162 101
4163 101
4164 102
4165 103
4166 103
4167 103
4168 102
4169 101
4170 100
4171 101
4172 101
4173 100
4174 100
4175 100
4176 101
4177 101
4178 102
4179 103
4180 103
4181 102
4182 101
4183 101
4184 100
4185 100
4186 100
4187 99
4188 100
4189 99
4190 100
4191 100
4192 99
4193 100
4194 101
4195 102
4196 103
4197 103
4198 103
4199 102
4200 102
4201 102
4202 101
4203 101
4204 100
4205 101
4206 102
4207 101
4208 101
4209 101
4210 100
4211 99
4212 98
4213 98
4214 99
4215 98
4216 97
4217 97
4218 97
4219 98
4220 98
4221 98
4222 98
4223 98
4224 98
4225 99
4226 100
4227 100
4228 99
4229 99
4230 99
4231 98
4232 97
4233 98
4234 98
4235 98
4236 99
4237 98
4238 99
4239 99
4240 98
4241 97
4242 97
4243 97
4244 98
4245 98
4246 99
4247 100
4248 101
4249 102
4250 102
4251 102
4252 101
4253 102
4254 102
4255 103
4256 104
4257 104
4258 104
4259 103
4260 104
4261 103
4262 102
4263 101
4264 101
4265 102
4266 102
4267 102
4268 101
4269 102
4270 103
4271 102
4272 103
4273 103
4274 104
4275 104
4276 104
4277 103
4278 102
4279 102
4280 103
4281 104
4282 103
4283 102
4284 103
4285 104
4286 103
4287 104
4288 103
4289 103
4290 102
4291 103
4292 102
4293 101
4294 100
4295 100
4296 101
4297 102
4298 103
4299 104
4300 104
4301 105
4302 105
4303 105
4304 104
4305 104
4306 103
4307 104
4308 104
4309 103
4310 103
4311 103
4312 102
4313 103
4314 104
4315 103
4316 103
4317 102
4318 101
4319 102
4320 103
4321 102
4322 102
4323 101
4324 100
4325 101
4326 101
4327 100
4328 99
4329 99
4330 98
4331 98
4332 97
4333 98
4334 98
4335 98
4336 99
4337 99
4338 99
4339 98
4340 97
4341 96
4342 95
4343 94
4344 95
4345 94
4346 94
4347 94
4348 93
4349 93
4350 92
4351 91
4352 91
4353 92
4354 91
4355 92
4356 93
4357 93
4358 92
4359 91
4360 92
4361 93
4362 94
4363 93
4364 94
4365 93
4366 94
4367 94
4368 93
4369 93
4370 92
4371 91
4372 91
4373 91
4374 91
4375 90
4376 90
4377 89
4378 89
4379 89
4380 90
4381 91
4382 92
4383 93
4384 93
4385 92
4386 92
4387 92
4388 93
4389 92
4390 92
4391 93
4392 92
4393 92
4394 91
4395 92
4396 93
4397 92
4398 93
4399 94
4400 94
4401 93
4402 94
4403 95
4404 95
4405 95
4406 94
4407 95
4408 96
4409 97
4410 97
4411 97
4412 97
4413 96
4414 95
4415 96
4416 96
4417 95
4418 95
4419 95
4420 95
4421 94
4422 94
4423 94
4424 94
4425 95
4426 95
4427 96
4428 95
4429 95
4430 95
4431 95
4432 95
4433 96
4434 96
4435 97
4436 97
4437 98
4438 99
4439 98
4440 98
4441 98
4442 99
4443 100
4444 101
4445 101
4446 100
4447 100
4448 100
4449 100
4450 99
4451 98
4452 99
4453 98
4454 99
4455 100
4456 101
4457 101
4458 101
4459 100
4460 99
4461 100
4462 101
4463 101
4464 102
4465 102
4466 103
4467 102
4468 102
4469 103
4470 102
4471 101
4472 101
4473 100
4474 99
4475 99
4476 100
4477 99
4478 98
4479 98
4480 99
4481 99
4482 99
4483 100
4484 100
4485 99
4486 99
4487 99
4488 99
4489 98
4490 98
4491 99
4492 100
4493 101
4494 101
4495 102
4496 102
4497 102
4498 103
4499 104
4500 104
4501 104
4502 103
4503 102
4504 103
4505 103
4506 104
4507 104
4508 105
4509 106
4510 107
4511 106
4512 106
4513 106
4514 105
4515 104
4516 104
4517 105
4518 106
4519 105
4520 106
4521 106
4522 105
4523 106
4524 105
4525 106
4526 107
4527 108
4528 108
4529 107
4530 108
4531 109
4532 109
4533 110
4534 109
4535 109
4536 109
4537 110
4538 109
4539 109
4540 110
4541 111
4542 112
4543 112
4544 111
4545 112
4546 113
4547 114
4548 114
4549 115
4550 114
4551 114
4552 113
4553 113
4554 112
4555 113
4556 113
4557 112
4558 112
4559 111
4560 110
4561 110
4562 110
4563 111
4564 111
4565 111
4566 111
4567 110
4568 110
4569 110
4570 111
4571 111
4572 110
4573 110
4574 111
4575 111
4576 110
4577 111
4578 111
4579 112
4580 112
4581 112
4582 112
4583 111
4584 111
4585 112
4586 113
4587 114
4588 113
4589 113
4590 113
4591 113
4592 112
4593 113
4594 113
4595 113
4596 112
4597 113
4598 113
4599 114
4600 113
4601 113
4602 113
4603 112
4604 111
4605 112
4606 113
4607 114
4608 114
4609 113
4610 114
4611 114
4612 115
4613 115
4614 115
4615 114
4616 113
4617 112
4618 112
4619 112
4620 113
4621 112
4622 113
4623 114
4624 115
4625 114
4626 114
4627 113
4628 114
4629 114
4630 114
4631 115
4632 114
4633 115
4634 114
4635 113
4636 114
4637 113
4638 114
4639 114
4640 114
4641 115
4642 116
4643 115
4644 114
4645 113
4646 114
4647 114
4648 114
4649 114
4650 113
4651 112
4652 112
4653 113
4654 113
4655 113
4656 112
4657 113
4658 114
4659 113
4660 112
4661 111
4662 112
4663 111
4664 111
4665 110
4666 110
4667 109
4668 109
4669 109
4670 110
4671 111
4672 111
4673 112
4674 113
4675 114
4676 115
4677 116
4678 116
4679 116
4680 115
4681 115
4682 114
4683 115
4684 114
4685 114
4686 114
4687 114
4688 113
4689 113
4690 113
4691 113
4692 114
4693 114
4694 115
4695 114
4696 115
4697 115
4698 116
4699 115
4700 114
4701 114
4702 115
4703 116
4704 116
4705 115
4706 116
4707 116
4708 117
4709 116
4710 116
4711 116
4712 115
4713 115
4714 115
4715 115
4716 116
4717 115
4718 114
4719 113
4720 114
4721 114
4722 115
4723 115
4724 114
4725 115
4726 114
4727 113
4728 112
4729 113
4730 113
4731 113
4732 113
4733 112
4734 112
4735 113
4736 113
4737 113
4738 114
4739 115
4740 115
4741 114
4742 114
4743 114
4744 115
4745 116
4746 116
4747 117
4748 116
4749 116
4750 117
4751 118
4752 117
4753 118
4754 118
4755 118
4756 118
4757 118
4758 119
4759 120
4760 120
4761 119
4762 119
4763 120
4764 120
4765 119
4766 118
4767 117
4768 117
4769 118
4770 119
4771 118
4772 117
4773 116
4774 115
4775 114
4776 113
4777 113
4778 114
4779 114
4780 115
4781 115
4782 115
4783 116
4784 115
4785 114
4786 114
4787 115
4788 116
4789 115
4790 116
4791 115
4792 115
4793 114
4794 114
4795 115
4796 114
4797 114
4798 113
4799 114
4800 114
4801 113
4802 114
4803 115
4804 115
4805 116
4806 117
4807 118
4808 117
4809 117
4810 117
4811 116
4812 117
4813 116
4814 116
4815 116
4816 116
4817 115
4818 114
4819 113
4820 112
4821 113
4822 114
4823 115
4824 114
4825 113
4826 113
4827 113
4828 114
4829 115
4830 114
4831 113
4832 112
4833 112
4834 113
4835 114
4836 114
4837 115
4838 116
4839 115
4840 114
4841 113
4842 112
4843 111
4844 110
4845 110
4846 110
4847 111
4848 112
4849 111
4850 111
4851 112
4852 113
4853 112
4854 112
4855 112
4856 112
4857 112
4858 111
4859 110
4860 110
4861 111
4862 110
4863 110
4864 109
4865 108
4866 107
4867 107
4868 108
4869 109
4870 109
4871 108
4872 107
4873 106
4874 105
4875 106
4876 107
4877 106
4878 106
4879 107
4880 106
4881 107
4882 108
4883 107
4884 106
4885 107
4886 107
4887 107
4888 106
4889 105
4890 105
4891 106
4892 107
4893 107
4894 106
4895 107
4896 108
4897 109
4898 109
4899 110
4900 111
4901 110
4902 111
4903 111
4904 110
4905 110
4906 109
4907 110
4908 110
4909 111
4910 111
4911 111
4912 112
4913 112
4914 113
4915 114
4916 113
4917 114
4918 115
4919 115
4920 116
4921 115
4922 114
4923 114
4924 113
4925 113
4926 113
4927 114
4928 114
4929 115
4930 116
4931 117
4932 118
4933 119
4934 119
4935 118
4936 117
4937 118
4938 117
4939 117
4940 117
4941 118
4942 117
4943 117
4944 117
4945 117
4946 118
4947 119
4948 118
4949 118
4950 117
4951 118
4952 118
4953 118
4954 118
4955 118
4956 118
4957 119
4958 120
4959 119
4960 119
4961 119
4962 120
4963 121
4964 121
4965 120
4966 121
4967 122
4968 123
4969 122
4970 122
4971 123
4972 123
4973 122
4974 121
4975 122
4976 122
4977 121
4978 122
4979 122
4980 122
4981 121
4982 121
4983 121
4984 120
4985 121
4986 122
4987 122
4988 123
4989 123
4990 123
4991 123
4992 122
4993 123
4994 122
4995 121
4996 120
4997 120
4998 121
4999 121
5000 122
5001 122
5002 121
5003 120
5004 120
5005 120
5006 119
5007 120
5008 121
5009 120
5010 120
5011 120
5012 119
5013 118
5014 119
5015 119
5016 118
5017 119
5018 120
5019 121
5020 121
5021 122
5022 123
5023 122
5024 122
5025 121
5026 120
5027 121
5028 121
5029 120
5030 119
5031 120
5032 120
5033 120
5034 121
5035 121
5036 120
5037 119
5038 119
5039 118
5040 117
5041 116
5042 116
5043 117
5044 116
5045 116
5046 115
5047 116
5048 116
5049 116
5050 116
5051 115
5052 114
5053 113
5054 113
5055 114
5056 114
5057 115
5058 115
5059 114
5060 115
5061 116
5062 117
5063 118
5064 118
5065 117
5066 116
5067 116
5068 115
5069 115
5070 116
5071 117
5072 118
5073 119
5074 120
5075 120
5076 119
5077 120
5078 119
5079 120
5080 120
5081 121
5082 120
5083 120
5084 120
5085 121
5086 120
5087 121
5088 121
5089 120
5090 119
5091 120
5092 119
5093 119
5094 120
5095 120
5096 120
5097 121
5098 121
5099 122
5100 122
5101 121
5102 121
5103 121
5104 122
5105 121
5106 120
5107 119
5108 119
5109 118
5110 117
5111 118
5112 117
5113 117
5114 118
5115 118
5116 118
5117 117
5118 117
5119 116
5120 115
5121 116
5122 115
5123 114
5124 114
5125 115
5126 114
5127 113
5128 113
5129 113
5130 114
5131 113
5132 113
5133 114
5134 115
5135 116
5136 115
5137 114
5138 113
5139 113
5140 112
5141 112
5142 113
5143 113
5144 114
5145 115
5146 114
5147 114
5148 115
5149 115
5150 115
5151 115
5152 115
5153 116
5154 117
5155 118
5156 119
5157 120
5158 119
5159 119
5160 118
5161 118
5162 119
5163 118
5164 117
5165 118
5166 117
5167 116
5168 117
5169 116
5170 115
5171 114
5172 114
5173 113
5174 113
5175 113
5176 114
5177 114
5178 113
5179 114
5180 114
5181 115
5182 114
5183 115
5184 116
5185 115
5186 114
5187 115
5188 116
5189 116
5190 115
5191 115
5192 116
5193 115
5194 116
5195 117
5196 116
5197 117
5198 117
5199 118
5200 117
5201 118
5202 117
5203 116
5204 115
5205 116
5206 116
5207 117
5208 117
5209 118
5210 118
5211 117
5212 118
5213 117
5214 117
5215 118
5216 117
5217 118
5218 118
5219 117
5220 116
5221 115
5222 115
5223 114
5224 114
5225 114
5226 113
5227 114
5228 114
5229 115
5230 116
5231 117
5232 118
5233 117
5234 118
5235 119
5236 118
5237 118
5238 119
5239 120
5240 120
5241 121
5242 120
5243 120
5244 121
5245 121
5246 121
5247 122
5248 122
5249 121
5250 122
5251 122
5252 122
5253 123
5254 124
5255 125
5256 125
5257 125
5258 126
5259 125
5260 125
5261 126
5262 125
5263 125
5264 126
5265 125
5266 125
5267 124
5268 124
5269 124
5270 125
5271 125
5272 124
5273 123
5274 124
5275 123
5276 123
5277 123
5278 124
5279 123
5280 124
5281 125
5282 126
5283 125
5284 126
5285 127
5286 126
5287 127
5288 127
5289 127
5290 128
5291 127
5292 126
5293 125
5294 125
5295 124
5296 123
5297 124
5298 124
5299 125
5300 125
5301 124
5302 123
5303 124
5304 124
5305 123
5306 124
5307 123
5308 124
5309 125
5310 125
5311 125
5312 126
5313 126
5314 127
5315 128
5316 128
5317 127
5318 127
5319 126
5320 126
5321 126
5322 125
5323 126
5324 126
5325 127
5326 126
5327 127
5328 128
5329 128
5330 129
5331 129
5332 128
5333 129
5334 128
5335 129
5336 128
5337 128
5338 129
5339 130
5340 129
5341 129
5342 128
5343 127
5344 126
5345 125
5346 124
5347 123
5348 123
5349 124
5350 123
5351 122
5352 122
5353 122
5354 121
5355 120
5356 119
5357 119
5358 118
5359 119
5360 119
5361 118
5362 117
5363 117
5364 118
5365 119
5366 118
5367 118
5368 117
5369 116
5370 116
5371 115
5372 114
5373 113
5374 113
5375 113
5376 112
5377 113
5378 113
5379 113
5380 113
5381 113
5382 112
5383 113
5384 112
5385 112
5386 112
5387 111
5388 112
5389 112
5390 111
5391 110
5392 110
5393 110
5394 111
5395 111
5396 111
5397 112
5398 111
5399 112
5400 112
5401 113
5402 113
5403 113
5404 114
5405 113
5406 114
5407 115
5408 116
5409 116
5410 117
5411 117
5412 116
5413 117
5414 118
5415 118
5416 117
5417 116
5418 117
5419 116
5420 116
5421 115
5422 116
5423 115
5424 116
5425 116
5426 116
5427 116
5428 116
5429 115
5430 115
5431 114
5432 115
5433 116
5434 116
5435 117
5436 118
5437 118
5438 118
5439 119
5440 118
5441 118
5442 117
5443 117
5444 117
5445 118
5446 117
5447 118
5448 119
5449 120
5450 119
5451 119
5452 118
5453 119
5454 119
5455 118
5456 118
5457 118
5458 118
5459 119
5460 120
5461 119
5462 120
5463 120
5464 119
5465 119
5466 118
5467 117
5468 116
5469 117
5470 118
5471 117
5472 118
5473 117
5474 118
5475 117
5476 116
5477 115
5478 115
5479 115
5480 114
5481 114
5482 115
5483 115
5484 115
5485 116
5486 116
5487 117
5488 117
5489 116
5490 115
5491 114
5492 114
5493 113
5494 114
5495 114
5496 113
5497 114
5498 115
5499 115
5500 116
5501 117
5502 118
5503 118
5504 117
5505 118
5506 119
5507 119
5508 120
5509 119
5510 118
5511 117
5512 118
5513 119
5514 119
5515 119
5516 120
5517 121
5518 121
5519 121
5520 121
5521 122
5522 122
5523 123
5524 122
5525 122
5526 122
5527 122
5528 121
5529 121
5530 122
5531 122
5532 122
5533 122
5534 123
5535 124
5536 124
5537 125
5538 125
5539 126
5540 127
5541 127
5542 128
5543 129
5544 129
5545 129
5546 129
5547 129
5548 129
5549 128
5550 127
5551 128
5552 127
5553 128
5554 129
5555 129
5556 129
5557 130
5558 131
5559 132
5560 131
5561 131
5562 130
5563 131
5564 131
5565 130
5566 131
5567 132
5568 133
5569 132
5570 132
5571 131
5572 130
5573 130
5574 129
5575 129
5576 128
5577 129
5578 128
5579 129
5580 128
5581 128
5582 127
5583 127
5584 127
5585 128
5586 127
5587 126
5588 127
5589 128
5590 129
5591 128
5592 129
5593 129
5594 128
5595 127
5596 128
5597 127
5598 128
5599 129
5600 130
5601 131
5602 132
5603 133
5604 132
5605 132
5606 132
5607 132
5608 132
5609 132
5610 131
5611 131
5612 130
5613 130
5614 131
5615 132
5616 132
5617 131
5618 132
5619 132
5620 131
5621 132
5622 132
5623 131
5624 131
5625 130
5626 129
5627 128
5628 127
5629 126
5630 125
5631 126
5632 127
5633 126
5634 127
5635 126
5636 127
5637 126
5638 127
5639 126
5640 125
5641 125
5642 126
5643 126
5644 127
5645 126
5646 125
5647 125
5648 124
5649 123
5650 122
5651 122
5652 121
5653 122
5654 122
5655 123
5656 124
5657 125
5658 124
5659 124
5660 123
5661 123
5662 123
5663 122
5664 123
5665 123
5666 124
5667 125
5668 125
5669 125
5670 124
5671 125
5672 126
5673 127
5674 126
5675 125
5676 124
5677 124
5678 124
5679 124
5680 124
5681 125
5682 126
5683 125
5684 126
5685 127
5686 126
5687 126
5688 126
5689 125
5690 126
5691 127
5692 126
5693 126
5694 126
5695 125
5696 124
5697 123
5698 124
5699 125
5700 126
5701 127
5702 128
5703 127
5704 126
5705 127
5706 126
5707 125
5708 126
5709 126
5710 127
5711 127
5712 127
5713 128
5714 128
5715 128
5716 129
5717 130
5718 131
5719 131
5720 130
5721 129
5722 129
5723 128
5724 129
5725 128
5726 127
5727 128
5728 127
5729 126
5730 127
5731 126
5732 125
5733 125
5734 124
5735 124
5736 125
5737 124
5738 124
5739 124
5740 123
5741 124
5742 125
5743 126
5744 126
5745 127
5746 126
5747 126
5748 126
5749 125
5750 126
5751 127
5752 127
5753 127
5754 126
5755 126
5756 126
5757 126
5758 126
5759 127
5760 128
5761 128
5762 127
5763 126
5764 125
5765 125
5766 125
5767 126
5768 125
5769 124
5770 124
5771 123
5772 124
5773 124
5774 123
5775 123
5776 123
5777 123
5778 124
5779 125
5780 126
5781 125
5782 126
5783 127
5784 127
5785 128
5786 127
5787 126
5788 126
5789 127
5790 126
5791 126
5792 126
5793 126
5794 126
5795 126
5796 125
5797 126
5798 126
5799 125
5800 124
5801 123
5802 123
5803 122
5804 123
5805 124
5806 125
5807 124
5808 124
5809 125
5810 124
5811 123
5812 122
5813 121
5814 122
5815 122
5816 121
5817 121
5818 122
5819 123
5820 122
5821 121
5822 120
5823 120
5824 121
5825 121
5826 120
5827 121
5828 121
5829 122
5830 121
5831 122
5832 121
5833 121
5834 120
5835 121
5836 121
5837 122
5838 121
5839 122
5840 123
5841 123
5842 122
5843 123
5844 124
5845 123
5846 124
5847 125
5848 125
5849 125
5850 124
5851 125
5852 126
5853 125
5854 125
5855 126
5856 125
5857 126
5858 127
5859 127
5860 127
5861 126
5862 125
5863 126
5864 126
5865 126
5866 127
5867 126
5868 126
5869 125
5870 126
5871 125
5872 126
5873 125
5874 125
5875 125
5876 126
5877 125
5878 125
5879 124
5880 124
5881 124
5882 124
5883 125
5884 124
5885 125
5886 125
5887 124
5888 125
5889 125
5890 125
5891 126
5892 126
5893 125
5894 125
5895 125
5896 125
5897 125
5898 126
5899 125
5900 125
5901 126
5902 127
5903 127
5904 126
5905 125
5906 126
5907 127
5908 126
5909 127
5910 126
5911 127
5912 127
5913 127
5914 128
5915 128
5916 129
5917 129
5918 129
5919 130
5920 129
5921 128
5922 128
5923 128
5924 128
5925 128
5926 129
5927 130
5928 131
5929 131
5930 131
5931 131
5932 131
5933 130
5934 129
5935 130
5936 129
5937 129
5938 129
5939 129
5940 128
5941 129
5942 129
5943 129
5944 130
5945 130
5946 130
5947 130
5948 131
5949 132
5950 132
5951 133
5952 132
5953 131
5954 131
5955 131
5956 131
5957 131
5958 132
5959 132
5960 131
5961 130
5962 129
5963 130
5964 130
5965 130
5966 130
5967 131
5968 132
5969 131
5970 130
5971 131
5972 132
5973 133
5974 133
5975 133
5976 132
5977 133
5978 132
5979 132
5980 131
5981 130
5982 130
5983 129
5984 128
5985 127
5986 128
5987 129
5988 130
5989 131
5990 130
5991 129
5992 128
5993 128
5994 129
5995 129
5996 130
5997 129
5998 128
5999 128
6000 127
6001 127
6002 127
6003 126
6004 126
6005 127
6006 128
6007 127
6008 126
6009 125
6010 125
6011 124
6012 123
6013 124
6014 123
6015 123
6016 123
6017 122
6018 121
6019 120
6020 119
6021 120
6022 119
6023 118
6024 118
6025 119
6026 120
6027 119
6028 118
6029 117
6030 118
6031 117
6032 118
6033 118
6034 118
6035 118
6036 117
6037 116
6038 116
6039 116
6040 117
6041 116
6042 117
6043 116
6044 115
6045 115
6046 114
6047 114
6048 115
6049 115
6050 115
6051 114
6052 113
6053 114
6054 114
6055 114
6056 115
6057 115
6058 116
6059 117
6060 118
6061 118
6062 117
6063 118
6064 119
6065 120
6066 119
6067 119
6068 118
6069 119
6070 118
6071 117
6072 118
6073 117
6074 117
6075 118
6076 118
6077 118
6078 118
6079 117
6080 118
6081 117
6082 117
6083 117
6084 116
6085 115
6086 114
6087 115
6088 116
6089 115
6090 114
6091 115
6092 116
6093 115
6094 115
6095 114
6096 113
6097 114
6098 115
6099 115
6100 115
6101 116
6102 117
6103 116
6104 115
6105 115
6106 115
6107 115
6108 116
6109 117
6110 116
6111 115
6112 114
6113 115
6114 116
6115 115
6116 116
6117 117
6118 117
6119 118
6120 119
6121 119
6122 120
6123 121
6124 121
6125 121
6126 120
6127 119
6128 119
6129 120
6130 121
6131 120
6132 121
6133 121
6134 122
6135 121
6136 120
6137 119
6138 120
6139 119
6140 118
6141 119
6142 118
6143 117
6144 116
6145 115
6146 116
6147 115
6148 114
6149 113
6150 112
6151 113
6152 113
6153 112
6154 113
6155 112
6156 112
6157 111
6158 110
6159 109
6160 110
6161 111
6162 111
6163 112
6164 113
6165 112
6166 113
6167 114
6168 114
6169 115
6170 116
6171 117
6172 116
6173 116
6174 117
6175 116
6176 116
6177 117
6178 116
6179 116
6180 117
6181 117
6182 118
6183 118
6184 118
6185 119
6186 120
6187 120
6188 119
6189 118
6190 118
6191 117
6192 117
6193 116
6194 115
6195 114
6196 114
6197 113
6198 114
6199 113
6200 112
6201 112
6202 113
6203 112
6204 111
6205 110
6206 109
6207 110
6208 111
6209 111
6210 111
6211 112
6212 111
6213 111
6214 110
6215 110
6216 111
6217 110
6218 111
6219 110
6220 110
6221 111
6222 110
6223 111
6224 110
6225 110
6226 111
6227 112
6228 112
6229 113
6230 114
6231 115
6232 115
6233 116
6234 117
6235 118
6236 117
6237 116
6238 117
6239 118
6240 119
6241 118
6242 118
6243 119
6244 118
6245 117
6246 117
6247 118
6248 117
6249 118
6250 119
6251 120
6252 121
6253 120
6254 120
6255 121
6256 121
6257 121
6258 122
6259 122
6260 121
6261 120
6262 119
6263 120
6264 119
6265 119
6266 119
6267 118
6268 119
6269 119
6270 120
6271 120
6272 120
6273 121
6274 121
6275 122
6276 123
6277 123
6278 123
6279 122
6280 122
6281 122
6282 121
6283 120
6284 121
6285 121
6286 120
6287 119
6288 119
6289 118
6290 119
6291 119
6292 118
6293 118
6294 118
6295 118
6296 119
6297 120
6298 120
6299 120
6300 120
6301 119
6302 119
6303 119
6304 118
6305 117
6306 116
6307 117
6308 117
6309 118
6310 117
6311 118
6312 117
6313 117
6314 116
6315 117
6316 116
6317 116
6318 116
6319 116
6320 116
6321 116
6322 115
6323 116
6324 117
6325 117
6326 116
6327 117
6328 118
6329 119
6330 119
6331 118
6332 117
6333 116
6334 117
6335 117
6336 117
6337 116
6338 115
6339 114
6340 115
6341 115
6342 114
6343 113
6344 112
6345 112
6346 112
6347 112
6348 111
6349 110
6350 111
6351 112
6352 112
6353 111
6354 112
6355 113
6356 112
6357 113
6358 113
6359 114
6360 115
6361 114
6362 113
6363 114
6364 113
6365 112
6366 111
6367 112
6368 112
6369 113
6370 112
6371 112
6372 112
6373 112
6374 112
6375 113
6376 112
6377 111
6378 110
6379 109
6380 109
6381 110
6382 111
6383 110
6384 109
6385 109
6386 108
6387 107
6388 107
6389 107
6390 106
6391 106
6392 107
6393 107
6394 107
6395 106
6396 107
6397 107
6398 106
6399 105
6400 105
6401 105
6402 105
6403 104
6404 103
6405 103
6406 104
6407 103
6408 104
6409 103
6410 104
6411 104
6412 105
6413 106
6414 107
6415 106
6416 107
6417 108
6418 108
6419 108
6420 108
6421 109
6422 108
6423 107
6424 107
6425 107
6426 108
6427 108
6428 107
6429 108
6430 107
6431 108
6432 109
6433 110
6434 109
6435 110
6436 109
6437 108
6438 107
6439 107
6440 106
6441 105
6442 104
6443 103
6444 102
6445 103
6446 103
6447 102
6448 103
6449 104
6450 104
6451 103
6452 104
6453 104
6454 105
6455 105
6456 104
6457 105
6458 104
6459 105
6460 106
6461 105
6462 106
6463 106
6464 105
6465 106
6466 106
6467 106
6468 107
6469 108
6470 109
6471 108
6472 107
6473 108
6474 107
6475 107
6476 108
6477 108
6478 108
6479 108
6480 109
6481 109
6482 108
6483 109
6484 108
6485 107
6486 107
6487 108
6488 109
6489 109
6490 109
6491 109
6492 110
6493 109
6494 108
6495 107
6496 106
6497 106
6498 106
6499 105
6500 105
6501 105
6502 104
6503 103
6504 103
6505 102
6506 102
6507 102
6508 101
6509 101
6510 100
6511 99
6512 100
6513 100
6514 101
6515 100
6516 100
6517 100
6518 101
6519 100
6520 101
6521 100
6522 99
6523 100
6524 100
6525 100
6526 101
6527 101
6528 100
6529 100
6530 100
6531 101
6532 100
6533 100
6534 99
6535 100
6536 99
6537 99
6538 99
6539 98
6540 97
6541 96
6542 95
6543 94
6544 94
6545 93
6546 93
6547 92
6548 92
6549 91
6550 91
6551 90
6552 91
6553 92
6554 92
6555 91
6556 90
6557 89
6558 90
6559 90
6560 91
6561 91
6562 91
6563 92
6564 92
6565 92
6566 91
6567 91
6568 90
6569 90
6570 91
6571 91
6572 91
6573 90
6574 90
6575 89
6576 88
6577 87
6578 87
6579 88
6580 88
6581 87
6582 86
6583 85
6584 84
6585 84
6586 84
6587 84
6588 85
6589 85
6590 86
6591 86
6592 85
6593 84
6594 85
6595 86
6596 87
6597 88
6598 88
6599 87
6600 87
6601 86
6602 87
6603 86
6604 86
6605 86
6606 86
6607 87
6608 88
6609 89
6610 89
6611 88
6612 87
6613 87
6614 87
6615 87
6616 86
6617 87
6618 86
6619 85
6620 85
6621 86
6622 86
6623 87
6624 87
6625 87
6626 87
6627 86
6628 86
6629 87
6630 87
6631 86
6632 85
6633 84
6634 83
6635 83
6636 82
6637 82
6638 82
6639 83
6640 83
6641 84
6642 83
6643 84
6644 83
6645 83
6646 83
6647 83
6648 83
6649 84
6650 84
6651 83
6652 84
6653 84
6654 85
6655 84
6656 85
6657 85
6658 86
6659 87
6660 87
6661 86
6662 87
6663 87
6664 88
6665 87
6666 86
6667 85
6668 86
6669 86
6670 87
6671 87
6672 87
6673 88
6674 87
6675 88
6676 88
6677 89
6678 88
6679 87
6680 87
6681 88
6682 88
6683 89
6684 88
6685 87
6686 88
6687 87
6688 88
6689 88
6690 89
6691 89
6692 88
6693 89
6694 89
6695 88
6696 89
6697 89
6698 88
6699 88
6700 88
6701 87
6702 86
6703 87
6704 86
6705 86
6706 87
6707 87
6708 87
6709 87
6710 87
6711 87
6712 87
6713 86
6714 85
6715 86
6716 86
6717 85
6718 86
6719 86
6720 87
6721 86
6722 85
6723 84
6724 85
6725 85
6726 85
6727 84
6728 83
6729 83
6730 84
6731 85
6732 85
6733 84
6734 85
6735 86
6736 87
6737 86
6738 85
6739 85
6740 85
6741 86
6742 87
6743 88
6744 88
6745 87
6746 87
6747 88
6748 88
6749 88
6750 88
6751 88
6752 88
6753 88
6754 89
6755 90
6756 89
6757 88
6758 87
6759 87
6760 88
6761 87
6762 87
6763 87
6764 86
6765 86
6766 85
6767 84
6768 84
6769 84
6770 85
6771 84
6772 84
6773 85
6774 86
6775 87
6776 86
6777 86
6778 87
6779 88
6780 87
6781 86
6782 85
6783 86
6784 85
6785 86
6786 87
6787 87
6788 86
6789 87
6790 86
6791 87
6792 86
6793 87
6794 86
6795 86
6796 85
6797 84
6798 83
6799 82
6800 82
6801 83
6802 82
6803 83
6804 84
6805 84
6806 85
6807 84
6808 85
6809 85
6810 86
6811 85
6812 84
6813 83
6814 82
6815 82
6816 81
6817 80
6818 79
6819 78
6820 78
6821 78
6822 79
6823 80
6824 79
6825 80
6826 79
6827 79
6828 78
6829 78
6830 78
6831 78
6832 77
6833 78
6834 79
6835 79
6836 78
6837 79
6838 79
6839 78
6840 78
6841 79
6842 79
6843 79
6844 80
6845 80
6846 79
6847 79
6848 79
6849 79
6850 79
6851 80
6852 81
6853 81
6854 82
6855 83
6856 83
6857 82
6858 82
6859 83
6860 83
6861 82
6862 82
6863 81
6864 82
6865 82
6866 83
6867 82
6868 81
6869 81
6870 81
6871 80
6872 79
6873 80
6874 81
6875 81
6876 81
6877 80
6878 81
6879 80
6880 80
6881 80
6882 80
6883 80
6884 81
6885 80
6886 80
6887 81
6888 80
6889 79
6890 80
6891 79
6892 79
6893 79
6894 79
6895 79
6896 78
6897 77
6898 78
6899 78
6900 79
6901 78
6902 78
6903 77
6904 76
6905 76
6906 77
6907 77
6908 78
6909 79
6910 79
6911 78
6912 77
6913 78
6914 79
6915 79
6916 78
6917 79
6918 79
6919 79
6920 80
6921 79
6922 80
6923 79
6924 79
6925 79
6926 80
6927 81
6928 81
6929 82
6930 82
6931 82
6932 81
6933 80
6934 81
6935 80
6936 81
6937 82
6938 82
6939 82
6940 82
6941 81
6942 80
6943 81
6944 81
6945 80
6946 80
6947 80
6948 81
6949 82
6950 81
6951 80
6952 81
6953 81
6954 81
6955 82
6956 83
6957 83
6958 83
6959 84
6960 83
6961 82
6962 82
6963 81
6964 81
6965 80
6966 79
6967 78
6968 77
6969 78
6970 77
6971 78
6972 78
6973 77
6974 77
6975 78
6976 78
6977 78
6978 78
6979 78
6980 77
6981 78
6982 79
6983 78
6984 77
6985 76
6986 77
6987 76
6988 77
6989 76
6990 77
6991 78
6992 79
6993 78
6994 78
6995 77
6996 77
6997 77
6998 77
6999 78
7000 79
7001 79
7002 79
7003 79
7004 80
7005 79
7006 78
7007 78
7008 78
7009 78
7010 77
7011 78
7012 77
7013 78
7014 77
7015 78
7016 79
7017 78
7018 79
7019 79
7020 79
7021 80
7022 81
7023 80
7024 79
7025 78
7026 77
7027 77
7028 78
7029 77
7030 76
7031 77
7032 78
7033 79
7034 78
7035 79
7036 80
7037 79
7038 79
7039 79
7040 80
7041 81
7042 81
7043 81
7044 82
7045 82
7046 81
7047 82
7048 83
7049 82
7050 83
7051 82
7052 83
7053 83
7054 83
7055 84
7056 85
7057 86
7058 86
7059 86
7060 87
7061 88
7062 88
7063 89
7064 89
7065 90
7066 91
7067 91
7068 91
7069 90
7070 89
7071 89
7072 88
7073 88
7074 89
7075 90
7076 89
7077 88
7078 88
7079 89
7080 89
7081 88
7082 87
7083 87
7084 88
7085 89
7086 89
7087 89
7088 89
7089 90
7090 89
7091 89
7092 90
7093 91
7094 91
7095 90
7096 91
7097 90
7098 91
7099 90
7100 90
7101 91
7102 92
7103 92
7104 93
7105 94
7106 93
7107 92
7108 91
7109 92
7110 91
7111 91
7112 90
7113 90
7114 89
7115 90
7116 89
7117 89
7118 90
7119 91
7120 92
7121 91
7122 90
7123 90
7124 91
7125 91
7126 90
7127 91
7128 92
7129 91
7130 90
7131 89
7132 90
7133 89
7134 89
7135 90
7136 91
7137 92
7138 91
7139 90
7140 91
7141 91
7142 92
7143 91
7144 92
7145 91
7146 90
7147 89
7148 90
7149 91
7150 92
7151 93
7152 94
7153 94
7154 95
7155 96
7156 95
7157 96
7158 97
7159 96
7160 97
7161 96
7162 95
7163 96
7164 95
7165 94
7166 95
7167 96
7168 97
7169 96
7170 95
7171 95
7172 95
7173 94
7174 95
7175 95
7176 95
7177 94
7178 95
7179 95
7180 94
7181 94
7182 94
7183 94
7184 93
7185 93
7186 92
7187 93
7188 92
7189 91
7190 92
7191 91
7192 90
7193 89
7194 88
7195 88
7196 87
7197 88
7198 89
7199 88
7200 87
7201 88
7202 89
7203 89
7204 88
7205 87
7206 88
7207 89
7208 88
7209 88
7210 87
7211 87
7212 87
7213 88
7214 89
7215 90
7216 90
7217 89
7218 89
7219 89
7220 89
7221 88
7222 89
7223 90
7224 90
7225 89
7226 89
7227 90
7228 89
7229 88
7230 87
7231 87
7232 86
7233 85
7234 86
7235 85
7236 85
7237 84
7238 83
7239 83
7240 83
7241 84
7242 83
7243 82
7244 83
7245 82
7246 81
7247 81
7248 81
7249 81
7250 82
7251 83
7252 82
7253 81
7254 82
7255 83
7256 82
7257 82
7258 82
7259 81
7260 81
7261 82
7262 82
7263 83
7264 82
7265 82
7266 81
7267 82
7268 83
7269 83
7270 82
7271 81
7272 81
7273 81
7274 82
7275 81
7276 81
7277 80
7278 80
7279 81
7280 81
7281 81
7282 80
7283 81
7284 81
7285 82
7286 82
7287 83
7288 83
7289 83
7290 84
7291 83
7292 83
7293 83
7294 82
7295 83
7296 82
7297 81
7298 81
7299 80
7300 81
7301 82
7302 82
7303 81
7304 80
7305 79
7306 79
7307 78
7308 77
7309 78
7310 77
7311 76
7312 76
7313 75
7314 76
7315 75
7316 75
7317 76
7318 77
7319 78
7320 78
7321 77
7322 76
7323 77
7324 78
7325 77
7326 78
7327 77
7328 78
7329 77
7330 76
7331 76
7332 75
7333 75
7334 74
7335 73
7336 74
7337 75
7338 75
7339 74
7340 74
7341 75
7342 74
7343 74
7344 73
7345 73
7346 73
7347 73
7348 73
7349 74
7350 75
7351 76
7352 77
7353 78
7354 78
7355 79
7356 78
7357 78
7358 79
7359 80
7360 80
7361 81
7362 81
7363 81
7364 80
7365 80
7366 81
7367 80
7368 79
7369 79
7370 80
7371 79
7372 79
7373 80
7374 80
7375 80
7376 80
7377 79
7378 79
7379 80
7380 79
7381 78
7382 78
7383 77
7384 78
7385 77
7386 78
7387 79
7388 79
7389 80
7390 81
7391 80
7392 80
7393 80
7394 81
7395 80
7396 79
7397 80
7398 80
7399 81
7400 81
7401 80
7402 81
7403 80
7404 80
7405 80
7406 81
7407 82
7408 83
7409 82
7410 81
7411 80
7412 79
7413 79
7414 78
7415 78
7416 79
7417 79
7418 79
7419 79
7420 78
7421 78
7422 79
7423 78
7424 77
7425 77
7426 76
7427 76
7428 76
7429 77
7430 76
7431 75
7432 74
7433 75
7434 74
7435 75
7436 75
7437 74
7438 74
7439 74
7440 74
7441 74
7442 74
7443 75
7444 75
7445 76
7446 76
7447 76
7448 76
7449 77
7450 78
7451 79
7452 79
7453 80
7454 81
7455 82
7456 82
7457 81
7458 81
7459 82
7460 81
7461 81
7462 81
7463 80
7464 81
7465 81
7466 82
7467 81
7468 82
7469 83
7470 83
7471 83
7472 83
7473 82
7474 82
7475 83
7476 82
7477 81
7478 80
7479 80
7480 81
7481 81
7482 81
7483 82
7484 81
7485 81
7486 81
7487 82
7488 82
7489 81
7490 80
7491 81
7492 82
7493 82
7494 81
7495 82
7496 81
7497 81
7498 82
7499 81
7500 81
7501 82
7502 83
7503 84
7504 85
7505 84
7506 83
7507 82
7508 81
7509 81
7510 82
7511 81
7512 82
7513 82
7514 81
7515 81
7516 80
7517 81
7518 80
7519 81
7520 82
7521 81
7522 82
7523 83
7524 84
7525 84
7526 84
7527 83
7528 84
7529 85
7530 84
7531 83
7532 83
7533 82
7534 81
7535 80
7536 80
7537 80
7538 80
7539 81
7540 80
7541 80
7542 81
7543 80
7544 79
7545 79
7546 79
7547 78
7548 77
7549 76
7550 75
7551 74
7552 74
7553 73
7554 73
7555 73
7556 73
7557 72
7558 72
7559 72
7560 73
7561 74
7562 75
7563 75
7564 76
7565 75
7566 74
7567 74
7568 74
7569 75
7570 74
7571 75
7572 75
7573 74
7574 73
7575 73
7576 73
7577 74
7578 75
7579 75
7580 76
7581 75
7582 74
7583 74
7584 73
7585 74
7586 73
7587 72
7588 73
7589 74
7590 74
7591 73
7592 73
7593 73
7594 73
7595 73
7596 74
7597 74
7598 75
7599 74
7600 74
7601 75
7602 74
7603 75
7604 74
7605 74
7606 74
7607 75
7608 74
7609 74
7610 74
7611 74
7612 74
7613 74
7614 73
7615 74
7616 73
7617 72
7618 73
7619 73
7620 74
7621 74
7622 74
7623 74
7624 73
7625 74
7626 73
7627 74
7628 75
7629 76
7630 75
7631 74
7632 75
7633 75
7634 75
7635 76
7636 77
7637 78
7638 78
7639 77
7640 76
7641 76
7642 77
7643 78
7644 77
7645 78
7646 78
7647 78
7648 77
7649 78
7650 77
7651 78
7652 78
7653 78
7654 78
7655 78
7656 78
7657 78
7658 77
7659 77
7660 76
7661 75
7662 74
7663 73
7664 74
7665 74
7666 73
7667 74
7668 74
7669 73
7670 72
7671 73
7672 73
7673 74
7674 74
7675 74
7676 74
7677 73
7678 72
7679 72
7680 73
7681 72
7682 72
7683 72
7684 73
7685 74
7686 75
7687 75
7688 75
7689 74
7690 75
7691 76
7692 77
7693 76
7694 77
7695 78
7696 78
7697 77
7698 77
7699 76
7700 76
7701 77
7702 78
7703 79
7704 79
7705 79
7706 78
7707 78
7708 79
7709 80
7710 79
7711 80
7712 81
7713 80
7714 81
7715 82
7716 81
7717 81
7718 81
7719 82
7720 81
7721 81
7722 81
7723 82
7724 83
7725 84
7726 84
7727 84
7728 83
7729 82
7730 81
7731 81
7732 82
7733 83
7734 82
7735 83
7736 83
7737 83
7738 83
7739 83
7740 82
7741 82
7742 82
7743 82
7744 83
7745 82
7746 82
7747 81
7748 80
7749 81
7750 82
7751 81
7752 81
7753 81
7754 82
7755 82
7756 81
7757 81
7758 81
7759 80
7760 80
7761 80
7762 80
7763 81
7764 80
7765 81
7766 82
7767 83
7768 83
7769 82
7770 82
7771 83
7772 84
7773 83
7774 82
7775 83
7776 83
7777 83
7778 84
7779 84
7780 84
7781 85
7782 85
7783 84
7784 84
7785 84
7786 85
7787 86
7788 85
7789 84
7790 83
7791 84
7792 84
7793 83
7794 84
7795 83
7796 84
7797 84
7798 85
7799 85
7800 85
7801 85
7802 85
7803 84
7804 85
7805 85
7806 84
7807 83
7808 83
7809 82
7810 81
7811 82
7812 83
7813 83
7814 82
7815 83
7816 83
7817 82
7818 82
7819 82
7820 81
7821 82
7822 82
7823 81
7824 80
7825 79
7826 78
7827 78
7828 78
7829 77
7830 78
7831 79
7832 80
7833 80
7834 80
7835 80
7836 80
7837 80
7838 79
7839 80
7840 81
7841 80
7842 81
7843 82
7844 83
7845 82
7846 82
7847 82
7848 81
7849 80
7850 79
7851 79
7852 79
7853 79
7854 79
7855 79
7856 80
7857 81
7858 82
7859 82
7860 81
7861 80
7862 80
7863 81
7864 81
7865 80
7866 81
7867 82
7868 83
7869 82
7870 83
7871 84
7872 83
7873 84
7874 85
7875 84
7876 83
7877 83
7878 84
7879 84
7880 83
7881 82
7882 81
7883 81
7884 82
7885 83
7886 82
7887 83
7888 84
7889 83
7890 83
7891 84
7892 83
7893 82
7894 81
7895 82
7896 81
7897 80
7898 79
7899 80
7900 79
7901 80
7902 81
7903 81
7904 82
7905 83
7906 83
7907 82
7908 82
7909 82
7910 82
7911 82
7912 82
7913 83
7914 82
7915 83
7916 84
7917 84
7918 84
7919 84
7920 85
7921 86
7922 87
7923 86
7924 87
7925 86
7926 85
7927 84
7928 83
7929 82
7930 82
7931 81
7932 81
7933 80
7934 80
7935 79
7936 78
7937 77
7938 78
7939 78
7940 77
7941 76
7942 76
7943 77
7944 76
7945 77
7946 77
7947 76
7948 76
7949 75
7950 74
7951 73
7952 74
7953 73
7954 73
7955 72
7956 71
7957 72
7958 71
7959 71
7960 72
7961 72
7962 72
7963 72
7964 73
7965 72
7966 71
7967 72
7968 72
7969 73
7970 74
7971 74
7972 73
7973 72
7974 72
7975 72
7976 71
7977 72
7978 73
7979 74
7980 73
7981 74
7982 75
7983 74
7984 75
7985 76
7986 75
7987 74
7988 74
7989 74
7990 74
7991 74
7992 73
7993 72
7994 71
7995 72
7996 72
7997 71
7998 70
7999 69
8000 68
8001 69
8002 70
8003 69
8004 68
8005 68
8006 69
8007 68
8008 69
8009 70
8010 71
8011 72
8012 72
8013 71
8014 72
8015 73
8016 72
8017 71
8018 72
8019 72
8020 73
8021 74
8022 73
8023 72
8024 73
8025 73
8026 74
8027 74
8028 75
8029 74
8030 75
8031 76
8032 77
8033 78
8034 78
8035 77
8036 77
8037 76
8038 77
8039 76
8040 77
8041 78
8042 77
8043 78
8044 77
8045 76
8046 77
8047 76
8048 76
8049 77
8050 78
8051 78
8052 78
8053 77
8054 77
8055 78
8056 79
8057 79
8058 79
8059 80
8060 81
8061 80
8062 81
8063 80
8064 79
8065 78
8066 77
8067 78
8068 78
8069 77
8070 78
8071 78
8072 77
8073 77
8074 77
8075 77
8076 77
8077 76
8078 77
8079 76
8080 75
8081 75
8082 76
8083 77
8084 78
8085 77
8086 77
8087 78
8088 79
8089 80
8090 80
8091 81
8092 80
8093 80
8094 81
8095 81
8096 82
8097 81
8098 80
8099 80
8100 80
8101 80
8102 81
8103 82
8104 83
8105 83
8106 82
8107 82
8108 83
8109 82
8110 83
8111 84
8112 85
8113 85
8114 86
8115 86
8116 85
8117 85
8118 85
8119 84
8120 84
8121 83
8122 84
8123 84
8124 85
8125 86
8126 85
8127 85
8128 85
8129 86
8130 87
8131 86
8132 86
8133 87
8134 86
8135 85
8136 84
8137 84
8138 85
8139 84
8140 85
8141 85
8142 84
8143 85
8144 85
8145 84
8146 83
8147 83
8148 84
8149 83
8150 84
8151 83
8152 82
8153 83
8154 84
8155 85
8156 86
8157 86
8158 85
8159 84
8160 83
8161 82
8162 82
8163 82
8164 81
8165 81
8166 82
8167 82
8168 81
8169 82
8170 83
8171 84
8172 84
8173 83
8174 83
8175 84
8176 84
8177 85
8178 85
8179 84
8180 83
8181 83
8182 83
8183 83
8184 83
8185 83
8186 82
8187 81
8188 80
8189 81
8190 82
8191 82
8192 83
8193 83
8194 82
8195 81
8196 80
8197 81
8198 82
8199 82
8200 83
8201 83
8202 82
8203 81
8204 82
8205 83
8206 82
8207 82
8208 83
8209 84
8210 85
8211 84
8212 83
8213 83
8214 84
8215 85
8216 84
8217 85
8218 85
8219 84
8220 85
8221 85
8222 85
8223 86
8224 87
8225 87
8226 86
8227 87
8228 87
8229 88
8230 87
8231 86
8232 87
8233 87
8234 86
8235 87
8236 87
8237 87
8238 87
8239 88
8240 89
8241 89
8242 88
8243 87
8244 88
8245 89
8246 88
8247 89
8248 90
8249 90
8250 89
8251 90
8252 91
8253 91
8254 92
8255 92
8256 91
8257 92
8258 93
8259 93
8260 92
8261 91
8262 92
8263 91
8264 90
8265 89
8266 90
8267 91
8268 90
8269 90
8270 90
8271 91
8272 90
8273 90
8274 91
8275 92
8276 92
8277 93
8278 94
8279 94
8280 94
8281 93
8282 93
8283 92
8284 92
8285 91
8286 90
8287 91
8288 92
8289 93
8290 93
8291 92
8292 91
8293 91
8294 90
8295 89
8296 89
8297 89
8298 88
8299 89
8300 88
8301 89
8302 89
8303 88
8304 89
8305 90
8306 91
8307 90
8308 91
8309 92
8310 93
8311 93
8312 94
8313 93
8314 94
8315 94
8316 93
8317 94
8318 93
8319 93
8320 94
8321 95
8322 95
8323 94
8324 93
8325 92
8326 92
8327 93
8328 93
8329 94
8330 95
8331 95
8332 96
8333 95
8334 95
8335 95
8336 94
8337 94
8338 94
8339 93
8340 92
8341 92
8342 92
8343 91
8344 91
8345 90
8346 90
8347 89
8348 89
8349 90
8350 90
8351 89
8352 90
8353 89
8354 89
8355 90
8356 89
8357 88
8358 88
8359 89
8360 90
8361 89
8362 88
8363 89
8364 90
8365 91
8366 90
8367 91
8368 91
8369 90
8370 89
8371 90
8372 91
8373 91
8374 92
8375 92
8376 91
8377 91
8378 91
8379 91
8380 90
8381 89
8382 90
8383 89
8384 90
8385 90
8386 91
8387 92
8388 93
8389 94
8390 93
8391 93
8392 92
8393 92
8394 93
8395 94
8396 94
8397 95
8398 94
8399 95
8400 94
8401 94
8402 93
8403 92
8404 92
8405 93
8406 94
8407 94
8408 94
8409 94
8410 93
8411 94
8412 93
8413 94
8414 93
8415 94
8416 94
8417 93
8418 93
8419 92
8420 93
8421 94
8422 93
8423 92
8424 92
8425 93
8426 92
8427 91
8428 92
8429 92
8430 93
8431 93
8432 93
8433 92
8434 92
8435 93
8436 92
8437 91
8438 90
8439 91
8440 90
8441 90
8442 91
8443 90
8444 90
8445 91
8446 92
8447 91
8448 91
8449 91
8450 91
8451 91
8452 91
8453 91
8454 92
8455 91
8456 91
8457 91
8458 90
8459 91
8460 92
8461 91
8462 90
8463 89
8464 89
8465 89
8466 90
8467 90
8468 89
8469 88
8470 88
8471 87
8472 88
8473 87
8474 87
8475 87
8476 87
8477 87
8478 88
8479 89
8480 90
8481 89
8482 89
8483 89
8484 88
8485 88
8486 88
8487 88
8488 89
8489 89
8490 89
8491 89
8492 90
8493 90
8494 89
8495 89
8496 88
8497 87
8498 88
8499 88
8500 89
8501 89
8502 90
8503 91
8504 91
8505 90
8506 89
8507 88
8508 88
8509 87
8510 86
8511 86
8512 87
8513 88
8514 87
8515 88
8516 87
8517 88
8518 88
8519 89
8520 90
8521 89
8522 89
8523 90
8524 90
8525 91
8526 90
8527 91
8528 91
8529 90
8530 89
8531 89
8532 89
8533 90
8534 89
8535 88
8536 87
8537 88
8538 88
8539 88
8540 89
8541 90
8542 89
8543 89
8544 89
8545 89
8546 89
8547 90
8548 90
8549 89
8550 89
8551 88
8552 88
8553 88
8554 89
8555 88
8556 88
8557 87
8558 86
8559 87
8560 86
8561 86
8562 85
8563 85
8564 86
8565 86
8566 85
8567 84
8568 83
8569 83
8570 84
8571 83
8572 83
8573 82
8574 83
8575 82
8576 83
8577 82
8578 83
8579 82
8580 82
8581 83
8582 84
8583 85
8584 85
8585 86
8586 85
8587 86
8588 85
8589 85
8590 86
8591 85
8592 84
8593 85
8594 84
8595 83
8596 83
8597 82
8598 82
8599 83
8600 84
8601 84
8602 83
8603 82
8604 82
8605 81
8606 80
8607 80
8608 80
8609 80
8610 81
8611 80
8612 80
8613 80
8614 79
8615 80
8616 80
8617 79
8618 79
8619 79
8620 80
8621 79
8622 80
8623 79
8624 79
8625 80
8626 79
8627 78
8628 77
8629 78
8630 77
8631 78
8632 77
8633 77
8634 76
8635 77
8636 77
8637 77
8638 76
8639 77
8640 76
8641 76
8642 77
8643 77
8644 78
8645 77
8646 76
8647 76
8648 76
8649 77
8650 76
8651 76
8652 75
8653 75
8654 76
8655 76
8656 75
8657 74
8658 73
8659 73
8660 72
8661 71
8662 71
8663 71
8664 71
8665 71
8666 71
8667 70
8668 70
8669 71
8670 72
8671 72
8672 72
8673 71
8674 70
8675 70
8676 70
8677 70
8678 69
8679 68
8680 67
8681 67
8682 68
8683 69
8684 70
8685 70
8686 69
8687 68
8688 67
8689 66
8690 67
8691 67
8692 67
8693 67
8694 68
8695 67
8696 66
8697 66
8698 65
8699 66
8700 67
8701 67
8702 67
8703 66
8704 66
8705 67
8706 68
8707 69
8708 69
8709 68
8710 69
8711 70
8712 71
8713 72
8714 73
8715 74
8716 74
8717 73
8718 72
8719 73
8720 73
8721 72
8722 71
8723 70
8724 71
8725 71
8726 71
8727 70
8728 69
8729 70
8730 69
8731 70
8732 69
8733 70
8734 70
8735 70
8736 71
8737 70
8738 70
8739 69
8740 69
8741 70
8742 69
8743 69
8744 70
8745 71
8746 70
8747 70
8748 69
8749 70
8750 70
8751 71
8752 70
8753 70
8754 69
8755 68
8756 67
8757 67
8758 66
8759 66
8760 67
8761 67
8762 66
8763 67
8764 67
8765 68
8766 69
8767 68
8768 68
8769 68
8770 69
8771 70
8772 70
8773 71
8774 72
8775 71
8776 70
8777 69
8778 68
8779 67
8780 68
8781 68
8782 67
8783 68
8784 67
8785 66
8786 67
8787 67
8788 66
8789 66
8790 67
8791 68
8792 69
8793 68
8794 69
8795 70
8796 70
8797 71
8798 70
8799 71
8800 71
8801 72
8802 72
8803 73
8804 72
8805 72
8806 72
8807 71
8808 72
8809 72
8810 72
8811 72
8812 73
8813 73
8814 73
8815 72
8816 73
8817 73
8818 73
8819 72
8820 71
8821 71
8822 72
8823 72
8824 71
8825 70
8826 69
8827 69
8828 70
8829 69
8830 69
8831 68
8832 67
8833 66
8834 66
8835 65
8836 66
8837 67
8838 67
8839 67
8840 66
8841 67
8842 68
8843 67
8844 67
8845 67
8846 66
8847 65
8848 65
8849 64
8850 64
8851 64
8852 64
8853 64
8854 65
8855 66
8856 67
8857 68
8858 68
8859 69
8860 68
8861 69
8862 68
8863 68
8864 67
8865 67
8866 68
8867 69
8868 69
8869 68
8870 67
8871 67
8872 68
8873 69
8874 70
8875 69
8876 69
8877 68
8878 68
8879 67
8880 66
8881 67
8882 67
8883 68
8884 69
8885 69
8886 70
8887 70
8888 69
8889 68
8890 68
8891 68
8892 67
8893 68
8894 67
8895 66
8896 66
8897 67
8898 66
8899 65
8900 64
8901 63
8902 64
8903 65
8904 66
8905 65
8906 64
8907 64
8908 63
8909 64
8910 64
8911 64
8912 65
8913 65
8914 64
8915 64
8916 65
8917 64
8918 64
8919 63
8920 64
8921 65
8922 64
8923 63
8924 63
8925 62
8926 61
8927 61
8928 61
8929 60
8930 61
8931 61
8932 61
8933 62
8934 63
8935 63
8936 64
8937 65
8938 64
8939 63
8940 64
8941 65
8942 65
8943 66
8944 65
8945 64
8946 64
8947 63
8948 63
8949 64
8950 64
8951 63
8952 64
8953 64
8954 63
8955 63
8956 64
8957 64
8958 65
8959 65
8960 66
8961 66
8962 65
8963 64
8964 64
8965 63
8966 64
8967 64
8968 63
8969 62
8970 63
8971 62
8972 61
8973 61
8974 60
8975 60
8976 60
8977 60
8978 60
8979 60
8980 60
8981 59
8982 59
8983 59
8984 60
8985 61
8986 62
8987 63
8988 63
8989 64
8990 64
8991 64
8992 64
8993 65
8994 65
8995 64
8996 65
8997 65
8998 66
8999 65
9000 65
9001 66
9002 66
9003 67
9004 66
9005 66
9006 66
9007 65
9008 66
9009 65
9010 65
9011 65
9012 65
9013 66
9014 67
9015 66
9016 67
9017 68
9018 67
9019 67
9020 68
9021 69
9022 68
9023 67
9024 68
9025 69
9026 70
9027 71
9028 71
9029 71
9030 70
9031 69
9032 68
9033 68
9034 67
9035 67
9036 68
9037 69
9038 69
9039 69
9040 68
9041 67
9042 67
9043 68
9044 67
9045 66
9046 65
9047 64
9048 65
9049 65
9050 66
9051 67
9052 67
9053 68
9054 67
9055 66
9056 65
9057 66
9058 65
9059 65
9060 65
9061 64
9062 65
9063 66
9064 66
9065 65
9066 64
9067 64
9068 65
9069 64
9070 64
9071 63
9072 62
9073 63
9074 64
9075 64
9076 65
9077 64
9078 65
9079 64
9080 65
9081 66
9082 67
9083 67
9084 66
9085 65
9086 65
9087 64
9088 63
9089 62
9090 63
9091 63
9092 62
9093 62
9094 62
9095 61
9096 62
9097 61
9098 61
9099 60
9100 59
9101 58
9102 57
9103 57
9104 58
9105 57
9106 56
9107 57
9108 57
9109 56
9110 55
9111 54
9112 55
9113 56
9114 56
9115 57
9116 57
9117 56
9118 57
9119 57
9120 56
9121 56
9122 56
9123 57
9124 57
9125 58
9126 57
9127 56
9128 55
9129 56
9130 55
9131 54
9132 53
9133 54
9134 53
9135 52
9136 51
9137 50
9138 51
9139 51
9140 50
9141 49
9142 50
9143 49
9144 48
9145 48
9146 48
9147 48
9148 49
9149 49
9150 48
9151 47
9152 47
9153 47
9154 46
9155 47
9156 48
9157 48
9158 47
9159 48
9160 47
9161 48
9162 48
9163 48
9164 48
9165 48
9166 49
9167 49
9168 49
9169 50
9170 49
9171 50
9172 49
9173 50
9174 49
9175 49
9176 48
9177 48
9178 47
9179 48
9180 47
9181 46
9182 45
9183 45
9184 44
9185 44
9186 43
9187 44
9188 43
9189 43
9190 44
9191 44
9192 43
9193 42
9194 41
9195 41
9196 41
9197 42
9198 41
9199 40
9200 41
9201 40
9202 39
9203 38
9204 39
9205 39
9206 39
9207 38
9208 39
9209 40
9210 40
9211 41
9212 42
9213 43
9214 43
9215 44
9216 45
9217 46
9218 47
9219 48
9220 48
9221 49
9222 49
9223 49
9224 50
9225 51
9226 51
9227 52
9228 53
9229 53
9230 54
9231 55
9232 56
9233 56
9234 57
9235 58
9236 59
9237 59
9238 59
9239 59
9240 58
9241 57
9242 58
9243 58
9244 57
9245 57
9246 56
9247 57
9248 57
9249 57
9250 58
9251 57
9252 57
9253 57
9254 57
9255 56
9256 55
9257 54
9258 53
9259 52
9260 53
9261 53
9262 54
9263 55
9264 56
9265 57
9266 57
9267 57
9268 57
9269 56
9270 55
9271 56
9272 55
9273 54
9274 53
9275 53
9276 54
9277 54
9278 53
9279 52
9280 51
9281 50
9282 50
9283 50
9284 51
9285 52
9286 51
9287 50
9288 50
9289 49
9290 48
9291 47
9292 47
9293 47
9294 48
9295 48
9296 48
9297 48
9298 49
9299 50
9300 51
9301 51
9302 51
9303 52
9304 52
9305 53
9306 53
9307 52
9308 53
9309 52
9310 52
9311 53
9312 52
9313 53
9314 53
9315 52
9316 51
9317 51
9318 51
9319 51
9320 52
9321 53
9322 53
9323 54
9324 53
9325 53
9326 52
9327 52
9328 53
9329 53
9330 53
9331 53
9332 54
9333 53
9334 54
9335 53
9336 53
9337 52
9338 53
9339 52
9340 51
9341 50
9342 49
9343 50
9344 50
9345 51
9346 52
9347 52
9348 51
9349 51
9350 50
9351 50
9352 50
9353 51
9354 50
9355 50
9356 49
9357 49
9358 48
9359 49
9360 50
9361 51
9362 52
9363 52
9364 53
9365 53
9366 52
9367 52
9368 53
9369 52
9370 52
9371 52
9372 51
9373 50
9374 49
9375 49
9376 50
9377 49
9378 48
9379 48
9380 49
9381 48
9382 49
9383 48
9384 49
9385 48
9386 49
9387 48
9388 48
9389 47
9390 47
9391 47
9392 46
9393 45
9394 44
9395 43
9396 44
9397 44
9398 45
9399 45
9400 45
9401 46
9402 47
9403 46
9404 47
9405 46
9406 47
9407 47
9408 47
9409 46
9410 45
9411 44
9412 44
9413 45
9414 45
9415 46
9416 45
9417 45
9418 46
9419 47
9420 48
9421 47
9422 46
9423 47
9424 47
9425 47
9426 46
9427 45
9428 44
9429 44
9430 43
9431 44
9432 43
9433 42
9434 43
9435 44
9436 44
9437 45
9438 45
9439 46
9440 47
9441 48
9442 47
9443 47
9444 48
9445 49
9446 48
9447 47
9448 46
9449 45
9450 44
9451 43
9452 43
9453 42
9454 42
9455 41
9456 42
9457 43
9458 43
9459 42
9460 41
9461 41
9462 40
9463 39
9464 40
9465 41
9466 40
9467 39
9468 39
9469 38
9470 37
9471 37
9472 36
9473 35
9474 34
9475 35
9476 36
9477 35
9478 34
9479 33
9480 33
9481 32
9482 32
9483 32
9484 32
9485 33
9486 34
9487 34
9488 35
9489 34
9490 34
9491 33
9492 34
9493 34
9494 34
9495 35
9496 36
9497 35
9498 34
9499 33
9500 32
9501 31
9502 32
9503 31
9504 31
9505 30
9506 29
9507 28
9508 28
9509 28
9510 28
9511 28
9512 29
9513 30
9514 31
9515 31
9516 32
9517 32
9518 31
9519 32
9520 32
9521 33
9522 32
9523 32
9524 33
9525 34
9526 34
9527 34
9528 35
9529 35
9530 36
9531 35
9532 35
9533 35
9534 34
9535 35
9536 35
9537 36
9538 35
9539 35
9540 35
9541 36
9542 37
9543 36
9544 37
9545 37
9546 38
9547 37
9548 36
9549 35
9550 34
9551 35
9552 34
9553 34
9554 34
9555 33
9556 32
9557 31
9558 32
9559 32
9560 33
9561 33
9562 33
9563 32
9564 31
9565 30
9566 30
9567 31
9568 32
9569 33
9570 33
9571 32
9572 33
9573 32
9574 32
9575 31
9576 31
9577 32
9578 31
9579 32
9580 33
9581 32
9582 33
9583 32
9584 33
9585 33
9586 33
9587 34
9588 34
9589 33
9590 32
9591 31
9592 32
9593 31
9594 32
9595 31
9596 30
9597 30
9598 29
9599 28
9600 27
9601 28
9602 28
9603 28
9604 29
9605 30
9606 30
9607 31
9608 32
9609 33
9610 33
9611 34
9612 33
9613 32
9614 31
9615 32
9616 33
9617 34
9618 35
9619 35
9620 36
9621 35
9622 36
9623 36
9624 36
9625 36
9626 36
9627 37
9628 38
9629 39
9630 40
9631 40
9632 40
9633 39
9634 38
9635 38
9636 37
9637 37
9638 36
9639 35
9640 35
9641 36
9642 35
9643 35
9644 34
9645 33
9646 32
9647 31
9648 30
9649 31
9650 32
9651 31
9652 30
9653 30
9654 31
9655 32
9656 32
9657 32
9658 32
9659 32
9660 32
9661 31
9662 32
9663 31
9664 31
9665 30
9666 30
9667 29
9668 29
9669 30
9670 29
9671 30
9672 30
9673 30
9674 30
9675 31
9676 31
9677 31
9678 32
9679 33
9680 34
9681 34
9682 33
9683 32
9684 32
9685 33
9686 32
9687 33
9688 33
9689 33
9690 32
9691 33
9692 32
9693 32
9694 31
9695 31
9696 31
9697 32
9698 32
9699 32
9700 33
9701 34
9702 33
9703 32
9704 31
9705 30
9706 29
9707 28
9708 28
9709 27
9710 26
9711 26
9712 27
9713 26
9714 27
9715 26
9716 25
9717 26
9718 27
9719 28
9720 28
9721 27
9722 28
9723 28
9724 28
9725 27
9726 26
9727 25
9728 24
9729 25
9730 25
9731 26
9732 27
9733 26
9734 25
9735 24
9736 23
9737 22
9738 21
9739 22
9740 22
9741 22
9742 22
9743 22
9744 22
9745 22
9746 22
9747 21
9748 20
9749 21
9750 20
9751 20
9752 19
9753 18
9754 17
9755 18
9756 17
9757 17
9758 18
9759 18
9760 17
9761 17
9762 16
9763 15
9764 15
9765 14
9766 14
9767 15
9768 16
9769 16
9770 16
9771 15
9772 14
9773 13
9774 13
9775 14
9776 14
9777 14
9778 13
9779 14
9780 14
9781 13
9782 14
9783 14
9784 14
9785 13
9786 12
9787 13
9788 13
9789 14
9790 15
9791 16
9792 16
9793 17
9794 16
9795 15
9796 15
9797 15
9798 16
9799 15
9800 14
9801 14
9802 14
9803 14
9804 15
9805 15
9806 16
9807 16
9808 15
9809 16
9810 15
9811 15
9812 15
9813 16
9814 17
9815 16
9816 17
9817 16
9818 15
9819 15
9820 16
9821 17
9822 17
9823 18
9824 19
9825 19
9826 20
9827 20
9828 19
9829 20
9830 21
9831 21
9832 21
9833 20
9834 19
9835 18
9836 19
9837 20
9838 21
9839 22
9840 23
9841 22
9842 21
9843 20
9844 19
9845 20
9846 20
9847 20
9848 21
9849 22
9850 23
9851 22
9852 22
9853 21
9854 20
9855 20
9856 21
9857 22
9858 23
9859 22
9860 23
9861 24
9862 25
9863 25
9864 24
9865 25
9866 24
9867 25
9868 26
9869 27
9870 26
9871 26
9872 25
9873 24
9874 23
9875 23
9876 23
9877 23
9878 24
9879 24
9880 23
9881 24
9882 24
9883 23
9884 23
9885 24
9886 24
9887 23
9888 24
9889 25
9890 26
9891 27
9892 27
9893 27
9894 28
9895 29
9896 29
9897 30
9898 29
9899 28
9900 29
9901 28
9902 29
9903 28
9904 27
9905 26
9906 27
9907 28
9908 29
9909 30
9910 30
9911 29
9912 29
9913 28
9914 27
9915 28
9916 27
9917 26
9918 26
9919 25
9920 26
9921 25
9922 26
9923 26
9924 26
9925 26
9926 26
9927 25
9928 25
9929 26
9930 25
9931 25
9932 26
9933 25
9934 25
9935 24
9936 24
9937 23
9938 22
9939 22
9940 23
9941 24
9942 25
9943 24
9944 25
9945 25
9946 25
9947 26
9948 26
9949 27
9950 26
9951 26
9952 25
9953 24
9954 25
9955 26
9956 27
9957 27
9958 28
9959 28
9960 28
9961 27
9962 28
9963 28
9964 27
9965 26
9966 27
9967 28
9968 28
9969 27
9970 27
9971 27
9972 26
9973 26
9974 27
9975 28
9976 29
9977 28
9978 27
9979 26
9980 25
9981 24
9982 25
9983 24
9984 24
9985 24
9986 25
9987 25
9988 25
9989 25
9990 26
9991 27
9992 27
9993 28
9994 28
9995 27
9996 28
9997 28
9998 29
9999 29
10000 30
10001 30
10002 31
10003 32
10004 31
10005 31
10006 32
10007 33
10008 32
10009 33
10010 34
10011 33
10012 32
10013 32
10014 32
10015 33
10016 32
10017 31
10018 30
10019 31
10020 32
10021 31
10022 32
10023 32
10024 33
10025 33
10026 33
10027 34
10028 35
10029 36
10030 35
10031 35
10032 35
10033 34
10034 34
10035 34
10036 33
10037 32
10038 32
10039 31
10040 30
10041 30
10042 29
10043 29
10044 28
10045 28
10046 27
10047 26
10048 25
10049 26
10050 25
10051 24
10052 25
10053 24
10054 24
10055 25
10056 25
10057 25
10058 26
10059 26
10060 26
10061 25
10062 24
10063 23
10064 23
10065 23
10066 23
10067 23
10068 23
10069 22
10070 22
10071 23
10072 23
10073 22
10074 22
10075 22
10076 23
10077 22
10078 22
10079 23
10080 24
10081 25
10082 26
10083 27
10084 26
10085 27
10086 27
10087 28
10088 28
10089 28
10090 27
10091 28
10092 29
10093 28
10094 29
10095 29
10096 30
10097 30
10098 29
10099 29
10100 29
10101 30
10102 30
10103 31
10104 32
10105 32
10106 31
10107 32
10108 32
10109 33
10110 33
10111 33
10112 32
10113 33
10114 32
10115 31
10116 31
10117 30
10118 29
10119 30
10120 31
10121 30
10122 31
10123 32
10124 33
10125 33
10126 32
10127 32
10128 31
10129 30
10130 29
10131 29
10132 28
10133 27
10134 27
10135 26
10136 26
10137 27
10138 28
10139 27
10140 27
10141 28
10142 28
10143 29
10144 29
10145 30
10146 29
10147 28
10148 29
10149 29
10150 28
10151 28
10152 29
10153 30
10154 30
10155 30
10156 30
10157 31
10158 31
10159 32
10160 31
10161 31
10162 30
10163 30
10164 31
10165 32
10166 33
10167 32
10168 32
10169 32
10170 32
10171 31
10172 31
10173 32
10174 31
10175 30
10176 29
10177 29
10178 28
10179 29
10180 30
10181 30
10182 31
10183 31
10184 30
10185 29
10186 29
10187 30
10188 29
10189 30
10190 30
10191 30
10192 30
10193 31
10194 32
10195 32
10196 33
10197 33
10198 33
10199 32
10200 32
10201 31
10202 32
10203 33
10204 32
10205 33
10206 32
10207 31
10208 30
10209 30
10210 30
10211 29
10212 28
10213 28
10214 28
10215 28
10216 28
10217 29
10218 30
10219 29
10220 30
10221 29
10222 29
10223 29
10224 29
10225 28
10226 29
10227 28
10228 27
10229 27
10230 28
10231 29
10232 29
10233 30
10234 30
10235 29
10236 30
10237 31
10238 31
10239 30
10240 31
10241 32
10242 31
10243 32
10244 31
10245 32
10246 32
10247 31
10248 32
10249 31
10250 30
10251 30
10252 31
10253 32
10254 31
10255 31
10256 30
10257 31
10258 32
10259 31
10260 31
10261 32
10262 33
10263 32
10264 32
10265 33
10266 32
10267 31
10268 32
10269 31
10270 30
10271 30
10272 29
10273 29
10274 29
10275 29
10276 29
10277 28
10278 29
10279 28
10280 28
10281 27
10282 28
10283 28
10284 27
10285 26
10286 27
10287 26
10288 25
10289 26
10290 27
10291 27
10292 28
10293 29
10294 30
10295 30
10296 30
10297 29
10298 30
10299 30
10300 29
10301 28
10302 27
10303 27
10304 27
10305 28
10306 27
10307 28
10308 29
10309 28
10310 27
10311 27
10312 27
10313 27
10314 26
10315 26
10316 27
10317 28
10318 28
10319 29
10320 30
10321 30
10322 31
10323 32
10324 32
10325 32
10326 32
10327 31
10328 32
10329 31
10330 32
10331 32
10332 32
10333 31
10334 30
10335 30
10336 31
10337 30
10338 29
10339 30
10340 30
10341 31
10342 30
10343 31
10344 31
10345 31
10346 31
10347 30
10348 31
10349 30
10350 29
10351 30
10352 31
10353 32
10354 33
10355 32
10356 32
10357 31
10358 31
10359 31
10360 32
10361 32
10362 33
10363 32
10364 32
10365 31
10366 31
10367 31
10368 30
10369 29
10370 29
10371 30
10372 29
10373 30
10374 31
10375 31
10376 31
10377 30
10378 31
10379 30
10380 30
10381 31
10382 32
10383 31
10384 30
10385 29
10386 29
10387 29
10388 28
10389 27
10390 26
10391 27
10392 28
10393 27
10394 27
10395 26
10396 25
10397 26
10398 27
10399 27
10400 26
10401 25
10402 24
10403 23
10404 24
10405 23
10406 24
10407 24
10408 24
10409 24
10410 25
10411 24
10412 25
10413 24
10414 23
10415 22
10416 21
10417 20
10418 21
10419 20
10420 20
10421 19
10422 19
10423 18
10424 18
10425 17
10426 17
10427 18
10428 17
10429 16
10430 16
10431 16
10432 16
10433 15
10434 16
10435 16
10436 15
10437 14
10438 13
10439 14
10440 14
10441 15
10442 16
10443 16
10444 17
10445 16
10446 17
10447 16
10448 15
10449 16
10450 17
10451 18
10452 19
10453 18
10454 19
10455 19
10456 19
10457 18
10458 17
10459 17
10460 17
10461 16
10462 15
10463 16
10464 15
10465 14
10466 14
10467 13
10468 12
10469 13
10470 12
10471 13
10472 13
10473 12
10474 13
10475 14
10476 14
10477 14
10478 15
10479 16
10480 15
10481 16
10482 17
10483 16
10484 15
10485 15
10486 16
10487 16
10488 15
10489 14
10490 13
10491 13
10492 12
10493 11
10494 12
10495 11
10496 11
10497 10
10498 11
10499 11
10500 12
10501 13
10502 14
10503 14
10504 13
10505 13
10506 13
10507 14
10508 13
10509 14
10510 14
10511 14
10512 14
10513 14
10514 15
10515 16
10516 16
10517 16
10518 15
10519 15
10520 14
10521 13
10522 12
10523 11
10524 12
10525 13
10526 14
10527 13
10528 14
10529 14
10530 13
10531 14
10532 14
10533 15
10534 15
10535 15
10536 15
10537 14
10538 14
10539 14
10540 15
10541 15
10542 14
10543 14
10544 15
10545 14
10546 13
10547 12
10548 12
10549 11
10550 12
10551 12
10552 13
10553 12
10554 11
10555 11
10556 10
10557 11
10558 12
10559 12
10560 11
10561 12
10562 11
10563 11
10564 12
10565 13
10566 13
10567 12
10568 11
10569 10
10570 9
10571 10
10572 10
10573 9
10574 8
10575 8
10576 7
10577 7
10578 8
10579 7
10580 8
10581 9
10582 10
10583 10
10584 9
10585 10
10586 9
10587 8
10588 8
10589 9
10590 9
10591 10
10592 11
10593 10
10594 11
10595 11
10596 10
10597 10
10598 9
10599 8
10600 8
10601 7
10602 7
10603 6
10604 6
10605 7
10606 8
10607 9
10608 9
10609 9
10610 8
10611 8
10612 8
10613 9
10614 10
10615 11
10616 10
10617 9
10618 9
10619 10
10620 11
10621 10
10622 11
10623 12
10624 11
10625 12
10626 13
10627 14
10628 13
10629 14
10630 15
10631 16
10632 15
10633 15
10634 16
10635 16
10636 16
10637 17
10638 17
10639 18
10640 18
10641 18
10642 17
10643 16
10644 17
10645 16
10646 15
10647 16
10648 15
10649 16
10650 16
10651 15
10652 16
10653 16
10654 15
10655 15
10656 14
10657 15
10658 14
10659 14
10660 15
10661 14
10662 15
10663 16
10664 17
10665 17
10666 17
10667 17
10668 17
10669 17
10670 16
10671 15
10672 14
10673 14
10674 14
10675 13
10676 14
10677 15
10678 16
10679 15
10680 15
10681 16
10682 15
10683 16
10684 15
10685 15
10686 14
10687 15
10688 14
10689 14
10690 14
10691 15
10692 16
10693 15
10694 16
10695 16
10696 15
10697 16
10698 17
10699 18
10700 18
10701 17
10702 18
10703 19
10704 20
10705 20
10706 19
10707 20
10708 20
10709 21
10710 22
10711 23
10712 24
10713 24
10714 25
10715 24
10716 25
10717 24
10718 23
10719 23
10720 23
10721 23
10722 23
10723 24
10724 25
10725 25
10726 24
10727 23
10728 23
10729 23
10730 24
10731 25
10732 26
10733 27
10734 27
10735 28
10736 27
10737 28
10738 28
10739 28
10740 27
10741 28
10742 29
10743 30
10744 30
10745 30
10746 31
10747 30
10748 29
10749 28
10750 29
10751 30
10752 31
10753 31
10754 31
10755 32
10756 33
10757 34
10758 35
10759 35
10760 35
10761 35
10762 35
10763 34
10764 33
10765 32
10766 31
10767 31
10768 30
10769 29
10770 29
10771 28
10772 29
10773 28
10774 29
10775 29
10776 30
10777 29
10778 30
10779 31
10780 30
10781 31
10782 30
10783 29
10784 28
10785 28
10786 27
10787 26
10788 26
10789 27
10790 28
10791 29
10792 29
10793 28
10794 27
10795 28
10796 27
10797 26
10798 26
10799 26
10800 25
10801 26
10802 26
10803 25
10804 24
10805 25
10806 25
10807 24
10808 23
10809 23
10810 23
10811 23
10812 23
10813 23
10814 24
10815 25
10816 26
10817 27
10818 28
10819 28
10820 27
10821 27
10822 26
10823 26
10824 26
10825 26
10826 26
10827 27
10828 28
10829 27
10830 27
10831 26
10832 27
10833 26
10834 27
10835 26
10836 25
10837 24
10838 23
10839 22
10840 23
10841 23
10842 24
10843 24
10844 25
10845 26
10846 25
10847 24
10848 25
10849 26
10850 26
10851 27
10852 27
10853 28
10854 29
10855 28
10856 28
10857 28
10858 28
10859 28
10860 28
10861 29
10862 30
10863 30
10864 29
10865 29
10866 29
10867 29
10868 28
10869 28
10870 28
10871 27
10872 27
10873 27
10874 28
10875 28
10876 28
10877 29
10878 29
10879 29
10880 28
10881 27
10882 27
10883 28
10884 27
10885 26
10886 25
10887 25
10888 25
10889 25
10890 24
10891 23
10892 23
10893 24
10894 24
10895 24
10896 24
10897 23
10898 22
10899 23
10900 22
10901 21
10902 22
10903 22
10904 22
10905 23
10906 24
10907 23
10908 24
10909 25
10910 26
10911 25
10912 26
10913 25
10914 24
10915 25
10916 25
10917 24
10918 24
10919 23
10920 24
10921 25
10922 26
10923 26
10924 27
10925 26
10926 26
10927 26
10928 26
10929 26
10930 25
10931 26
10932 26
10933 25
10934 24
10935 24
10936 23
10937 22
10938 22
10939 21
10940 22
10941 21
10942 21
10943 22
10944 21
10945 21
10946 22
10947 23
10948 24
10949 24
10950 24
10951 25
10952 24
10953 23
10954 23
10955 22
10956 22
10957 23
10958 24
10959 23
10960 22
10961 21
10962 22
10963 21
10964 21
10965 20
10966 20
10967 20
10968 20
10969 19
10970 20
10971 19
10972 18
10973 17
10974 16
10975 16
10976 16
10977 15
10978 16
10979 16
10980 17
10981 17
10982 17
10983 18
10984 18
10985 17
10986 17
10987 16
10988 15
10989 14
10990 15
10991 15
10992 15
10993 15
10994 15
10995 16
10996 17
10997 18
10998 18
10999 17
11000 16
11001 16
11002 16
11003 15
11004 15
11005 16
11006 15
11007 14
11008 13
11009 12
11010 13
11011 14
11012 14
11013 14
11014 15
11015 14
11016 15
11017 14
11018 13
11019 14
11020 15
11021 16
11022 15
11023 14
11024 15
11025 14
11026 13
11027 13
11028 12
11029 13
11030 14
11031 14
11032 13
11033 13
11034 14
11035 15
11036 14
11037 15
11038 14
11039 14
11040 15
11041 14
11042 13
11043 12
11044 13
11045 13
11046 13
11047 13
11048 13
11049 14
11050 14
11051 14
11052 15
11053 14
11054 15
11055 15
11056 14
11057 15
11058 14
11059 13
11060 14
11061 15
11062 16
11063 15
11064 15
11065 16
11066 15
11067 16
11068 16
11069 16
11070 16
11071 17
11072 17
11073 18
11074 17
11075 17
11076 16
11077 17
11078 18
11079 17
11080 18
11081 19
11082 19
11083 19
11084 20
11085 20
11086 19
11087 20
11088 20
11089 20
11090 19
11091 20
11092 20
11093 19
11094 20
11095 19
11096 18
11097 17
11098 16
11099 16
11100 16
11101 17
11102 17
11103 16
11104 17
11105 16
11106 16
11107 17
11108 18
11109 19
11110 18
11111 18
11112 18
11113 17
11114 16
11115 16
11116 16
11117 16
11118 16
11119 15
11120 14
11121 14
11122 15
11123 16
11124 17
11125 18
11126 19
11127 20
11128 19
11129 18
11130 19
11131 20
11132 19
11133 19
11134 20
11135 21
11136 21
11137 21
11138 22
11139 21
11140 21
11141 20
11142 21
11143 20
11144 19
11145 18
11146 18
11147 19
11148 19
11149 20
11150 19
11151 19
11152 19
11153 18
11154 18
11155 19
11156 18
11157 17
11158 17
11159 17
11160 17
11161 17
11162 16
11163 16
11164 16
11165 15
11166 15
11167 16
11168 17
11169 17
11170 17
11171 16
11172 16
11173 15
11174 15
11175 16
11176 16
11177 17
11178 18
11179 18
11180 19
11181 19
11182 18
11183 18
11184 19
11185 20
11186 19
11187 18
11188 17
11189 18
11190 18
11191 19
11192 20
11193 21
11194 20
11195 19
11196 20
11197 21
11198 20
11199 21
11200 21
11201 21
11202 20
11203 19
11204 18
11205 19
11206 19
11207 20
11208 21
11209 21
11210 20
11211 21
11212 22
11213 22
11214 22
11215 22
11216 22
11217 23
11218 23
11219 23
11220 24
11221 23
11222 23
11223 23
11224 24
11225 25
11226 26
11227 25
11228 26
11229 25
11230 24
11231 24
11232 25
11233 24
11234 24
11235 23
11236 22
11237 21
11238 20
11239 20
11240 21
11241 20
11242 19
11243 19
11244 20
11245 21
11246 20
11247 19
11248 19
11249 20
11250 19
11251 18
11252 17
11253 17
11254 16
11255 17
11256 17
11257 16
11258 15
11259 14
11260 14
11261 13
11262 14
11263 14
11264 15
11265 16
11266 16
11267 15
11268 16
11269 17
11270 17
11271 17
11272 17
11273 17
11274 16
11275 15
11276 14
11277 13
11278 14
11279 15
11280 16
11281 15
11282 14
11283 13
11284 13
11285 13
11286 12
11287 13
11288 13
11289 12
11290 12
11291 11
11292 12
11293 12
11294 13
11295 13
11296 12
11297 12
11298 12
11299 11
11300 11
11301 10
11302 10
11303 11
11304 12
11305 12
11306 11
11307 11
11308 12
11309 11
11310 10
11311 9
11312 8
11313 7
11314 6
11315 7
11316 7
11317 7
11318 6
11319 6
11320 5
11321 6
11322 6
11323 7
11324 7
11325 6
11326 6
11327 7
11328 7
11329 6
11330 7
11331 6
11332 6
11333 6
11334 5
11335 5
11336 5
11337 5
11338 6
11339 6
11340 7
11341 6
11342 7
11343 7
11344 8
11345 7
11346 6
11347 6
11348 7
11349 7
11350 8
11351 7
11352 7
11353 6
11354 5
11355 4
11356 4
11357 4
11358 5
11359 5
11360 4
11361 5
11362 5
11363 5
11364 5
11365 6
11366 5
11367 6
11368 6
11369 5
11370 6
11371 5
11372 5
11373 5
11374 5
11375 4
11376 5
11377 4
11378 4
11379 3
11380 4
11381 4
11382 3
11383 3
11384 4
11385 4
11386 5
11387 6
11388 5
11389 5
11390 4
11391 3
11392 3
11393 4
11394 5
11395 6
11396 6
11397 5
11398 4
11399 3
11400 3
11401 2
11402 3
11403 4
11404 4
11405 4
11406 5
11407 6
11408 6
11409 6
11410 7
11411 8
11412 7
11413 8
11414 8
11415 7
11416 7
11417 6
11418 5
11419 6
11420 7
11421 6
11422 7
11423 6
11424 7
11425 8
11426 7
11427 8
11428 7
11429 7
11430 8
11431 8
11432 8
11433 9
11434 9
11435 9
11436 9
11437 9
11438 9
11439 8
11440 9
11441 8
11442 9
11443 8
11444 7
11445 6
11446 6
11447 7
11448 7
11449 7
11450 8
11451 7
11452 8
11453 8
11454 8
11455 9
11456 10
11457 9
11458 10
11459 9
11460 9
11461 8
11462 9
11463 9
11464 10
11465 9
11466 8
11467 7
11468 7
11469 7
11470 7
11471 6
11472 7
11473 7
11474 7
11475 6
11476 5
11477 4
11478 3
11479 3
11480 4
11481 5
11482 6
11483 7
11484 8
11485 8
11486 9
11487 9
11488 9
11489 9
11490 9
11491 8
11492 9
11493 8
11494 9
11495 10
11496 10
11497 9
11498 10
11499 11
11500 12
11501 12
11502 11
11503 11
11504 10
11505 9
11506 10
11507 9
11508 8
11509 7
11510 8
11511 7
11512 8
11513 9
11514 8
11515 8
11516 8
11517 9
11518 8
11519 9
11520 10
11521 11
11522 10
11523 10
11524 9
11525 10
11526 9
11527 9
11528 10
11529 10
11530 10
11531 10
11532 9
11533 10
11534 9
11535 8
11536 9
11537 9
11538 9
11539 8
11540 8
11541 9
11542 9
11543 9
11544 9
11545 10
11546 10
11547 11
11548 11
11549 12
11550 13
11551 13
11552 14
11553 13
11554 12
11555 11
11556 10
11557 10
11558 9
11559 8
11560 7
11561 7
11562 6
11563 6
11564 6
11565 6
11566 7
11567 6
11568 7
11569 8
11570 9
11571 9
11572 9
11573 8
11574 7
11575 8
11576 9
11577 9
11578 8
11579 9
11580 9
11581 8
11582 7
11583 6
11584 5
11585 5
11586 6
11587 6
11588 5
11589 6
11590 7
11591 6
11592 5
11593 4
11594 5
11595 6
11596 6
11597 7
11598 6
11599 7
11600 8
11601 9
11602 8
11603 7
11604 6
11605 5
11606 4
11607 3
11608 4
11609 3
11610 4
11611 4
11612 3
11613 2
11614 3
11615 3
11616 3
11617 3
11618 4
11619 5
11620 4
11621 5
11622 5
11623 5
11624 6
11625 5
11626 5
11627 6
11628 5
11629 6
11630 6
11631 5
11632 4
11633 4
11634 3
11635 3
11636 2
11637 3
11638 3
11639 4
11640 5
11641 5
11642 5
11643 5
11644 6
11645 6
11646 5
11647 5
11648 6
11649 7
11650 7
11651 7
11652 6
11653 5
11654 4
11655 3
11656 3
11657 3
11658 4
11659 3
11660 3
11661 3
11662 2
11663 2
11664 1
11665 2
11666 3
11667 3
11668 3
11669 3
11670 2
11671 2
11672 1
11673 2
11674 3
11675 2
11676 2
11677 1
11678 1
11679 1
11680 1
11681 0
